1e-17 1.353987947259858e-13
1e-17 2.707975894519716e-13
2e-17 -1.342849723649188e-10
2e-17 -2.688407423192896e-10
3e-17 -4.1009573176010987e-10
3e-17 -5.513507212009301e-10
4e-17 -7.331827842236919e-10
4e-17 -9.150148472464536e-10
5.0000000000000005e-17 -1.1398303823621071e-09
5.0000000000000005e-17 -1.3646459174777607e-09
6e-17 -1.6340913775385794e-09
6e-17 -1.903536837599398e-09
7e-17 -2.2191699445732525e-09
7e-17 -2.5348030515471075e-09
8e-17 -2.89800098361719e-09
8e-17 -3.2611989156872726e-09
9.000000000000001e-17 -3.673144208260594e-09
9.000000000000001e-17 -4.085089500833916e-09
1.0000000000000001e-16 -4.546759480555486e-09
1.0000000000000001e-16 -5.008429460277058e-09
1.1000000000000001e-16 -5.520586536659193e-09
1.1000000000000001e-16 -6.032743613041328e-09
1.2e-16 -6.595926683542725e-09
1.2e-16 -7.1591097540441224e-09
1.3e-16 -7.773626789957663e-09
1.3e-16 -8.388143825871202e-09
1.3999999999999998e-16 -9.054065690684008e-09
1.3999999999999998e-16 -9.719987555496814e-09
1.4999999999999997e-16 -1.043714310109057e-08
1.4999999999999997e-16 -1.1154298646684326e-08
1.5999999999999996e-16 -1.192227112572408e-08
1.5999999999999996e-16 -1.2690243604763835e-08
1.6999999999999995e-16 -1.3508368430322174e-08
1.6999999999999995e-16 -1.4326493255880513e-08
1.7999999999999994e-16 -1.5193857131831087e-08
1.7999999999999994e-16 -1.606122100778166e-08
1.8999999999999993e-16 -1.6976662445814406e-08
1.8999999999999993e-16 -1.789210388384715e-08
1.9999999999999992e-16 -1.8854215115150467e-08
1.9999999999999992e-16 -1.9816326346453785e-08
2.099999999999999e-16 -2.082345662821885e-08
2.099999999999999e-16 -2.1830586909983912e-08
2.199999999999999e-16 -2.2880847218960673e-08
2.199999999999999e-16 -2.3931107527937433e-08
2.299999999999999e-16 -2.5022376625354583e-08
2.299999999999999e-16 -2.6113645722771732e-08
2.399999999999999e-16 -2.7243577567068285e-08
2.399999999999999e-16 -2.837350941136484e-08
2.499999999999999e-16 -2.9539541887417428e-08
2.499999999999999e-16 -3.0705574363470024e-08
2.5999999999999994e-16 -3.1904939289378686e-08
2.5999999999999994e-16 -3.310430421528735e-08
2.6999999999999995e-16 -3.433403858034995e-08
2.6999999999999995e-16 -3.556377294541255e-08
2.7999999999999996e-16 -3.682073132571638e-08
2.7999999999999996e-16 -3.8077689706020214e-08
2.9e-16 -3.9358557797151974e-08
2.9e-16 -4.063942588828373e-08
3e-16 -4.194073508804242e-08
3e-16 -4.324204428780111e-08
3.1e-16 -4.4560187255538624e-08
3.1e-16 -4.587833022327614e-08
3.2e-16 -4.7209577336616635e-08
3.2e-16 -4.854082444995713e-08
3.3000000000000004e-16 -4.988134107419812e-08
3.3000000000000004e-16 -5.122185769843911e-08
3.4000000000000005e-16 -5.256772217894773e-08
3.4000000000000005e-16 -5.3913586659456346e-08
3.5000000000000007e-16 -5.5260808942867406e-08
3.5000000000000007e-16 -5.660803122627846e-08
3.600000000000001e-16 -5.795257201231354e-08
3.600000000000001e-16 -5.929711279834862e-08
3.700000000000001e-16 -6.06349031206222e-08
3.700000000000001e-16 -6.197269344289576e-08
3.800000000000001e-16 -6.329965457418372e-08
3.800000000000001e-16 -6.46266157054717e-08
3.9000000000000012e-16 -6.593867928060405e-08
3.9000000000000012e-16 -6.725074285573641e-08
4.0000000000000014e-16 -6.854387110355468e-08
4.0000000000000014e-16 -6.983699935137295e-08
4.1000000000000015e-16 -7.110720532607901e-08
4.1000000000000015e-16 -7.237741130078506e-08
4.2000000000000017e-16 -7.362077900250286e-08
4.2000000000000017e-16 -7.486414670422065e-08
4.300000000000002e-16 -7.607685097870967e-08
4.300000000000002e-16 -7.728955525319867e-08
4.400000000000002e-16 -7.84678813613879e-08
4.400000000000002e-16 -7.964620746957711e-08
4.500000000000002e-16 -8.078657021894029e-08
4.500000000000002e-16 -8.192693296830348e-08
4.600000000000002e-16 -8.302589530005496e-08
4.600000000000002e-16 -8.412485763180643e-08
4.700000000000001e-16 -8.517914856045773e-08
4.700000000000001e-16 -8.623343948910902e-08
4.800000000000001e-16 -8.723997129407216e-08
4.800000000000001e-16 -8.824650309903532e-08
4.900000000000001e-16 -8.920238767168381e-08
4.900000000000001e-16 -9.01582722443323e-08
5e-16 -9.10608364981966e-08
5e-16 -9.19634007520609e-08
5.1e-16 -9.281020100864004e-08
5.1e-16 -9.365700126521919e-08
5.2e-16 -9.444583653319549e-08
5.2e-16 -9.523467180117178e-08
5.299999999999999e-16 -9.596359587258811e-08
5.299999999999999e-16 -9.669251994400445e-08
5.399999999999999e-16 -9.735985223719548e-08
5.399999999999999e-16 -9.80271845303865e-08
5.499999999999999e-16 -9.863151961607648e-08
5.499999999999999e-16 -9.923585470176646e-08
5.599999999999998e-16 -9.977607045575642e-08
5.599999999999998e-16 -1.0031628620974639e-07
5.699999999999998e-16 -1.0079155054294704e-07
5.699999999999998e-16 -1.0126681487614768e-07
5.799999999999998e-16 -1.0167659100034543e-07
5.799999999999998e-16 -1.0208636712454317e-07
5.899999999999997e-16 -1.0243041732016782e-07
5.899999999999997e-16 -1.0277446751579245e-07
5.999999999999997e-16 -1.030528553760419e-07
5.999999999999997e-16 -1.0333124323629136e-07
6.099999999999997e-16 -1.0354433437021932e-07
6.099999999999997e-16 -1.0375742550414729e-07
6.199999999999996e-16 -1.0390588668968146e-07
6.199999999999996e-16 -1.0405434787521565e-07
6.299999999999996e-16 -1.0413914466151329e-07
6.299999999999996e-16 -1.0422394144781092e-07
6.399999999999996e-16 -1.0424633421480597e-07
6.399999999999996e-16 -1.0426872698180102e-07
6.499999999999995e-16 -1.0423026547323372e-07
6.499999999999995e-16 -1.041918039646664e-07
6.599999999999995e-16 -1.0409432031923519e-07
6.599999999999995e-16 -1.0399683667380398e-07
6.699999999999994e-16 -1.0384243698731998e-07
6.699999999999994e-16 -1.0368803730083596e-07
6.799999999999994e-16 -1.0347909176032452e-07
6.799999999999994e-16 -1.0327014621981308e-07
6.899999999999994e-16 -1.0300927785836661e-07
6.899999999999994e-16 -1.0274840949692013e-07
6.999999999999993e-16 -1.024384816257016e-07
6.999999999999993e-16 -1.0212855375448306e-07
7.099999999999993e-16 -1.017726561355849e-07
7.099999999999993e-16 -1.0141675851668673e-07
7.199999999999993e-16 -1.0101819234750259e-07
7.199999999999993e-16 -1.0061962617831845e-07
7.299999999999992e-16 -1.0018188796466942e-07
7.299999999999992e-16 -9.974414975102037e-08
7.399999999999992e-16 -9.927091415243436e-08
7.399999999999992e-16 -9.879767855384835e-08
7.499999999999992e-16 -9.829278029010176e-08
7.499999999999992e-16 -9.778788202635515e-08
7.599999999999991e-16 -9.72552969396091e-08
7.599999999999991e-16 -9.672271185286304e-08
7.699999999999991e-16 -9.616653722443465e-08
7.699999999999991e-16 -9.561036259600625e-08
7.799999999999991e-16 -9.503479682098087e-08
7.799999999999991e-16 -9.445923104595548e-08
7.89999999999999e-16 -9.386855277245235e-08
7.89999999999999e-16 -9.327787449894922e-08
7.99999999999999e-16 -9.267642134185933e-08
7.99999999999999e-16 -9.207496818476944e-08
8.09999999999999e-16 -9.146711512620537e-08
8.09999999999999e-16 -9.08592620676413e-08
8.199999999999989e-16 -9.024939965812609e-08
8.199999999999989e-16 -8.963953724861088e-08
8.299999999999989e-16 -8.903204972420042e-08
8.299999999999989e-16 -8.842456219978995e-08
8.399999999999989e-16 -8.782380563085479e-08
8.399999999999989e-16 -8.722304906191964e-08
8.499999999999988e-16 -8.663332964920245e-08
8.499999999999988e-16 -8.604361023648527e-08
8.599999999999988e-16 -8.546916286930452e-08
8.599999999999988e-16 -8.489471550212377e-08
8.699999999999988e-16 -8.433968269220907e-08
8.699999999999988e-16 -8.378464988229438e-08
8.799999999999987e-16 -8.325306118473429e-08
8.799999999999987e-16 -8.272147248717422e-08
8.899999999999987e-16 -8.221722451732732e-08
8.899999999999987e-16 -8.171297654748042e-08
8.999999999999986e-16 -8.123981369947146e-08
8.999999999999986e-16 -8.076665085146248e-08
9.099999999999986e-16 -8.032814682007402e-08
9.099999999999986e-16 -7.988964278868557e-08
9.199999999999986e-16 -7.948918299207554e-08
9.199999999999986e-16 -7.908872319546551e-08
9.299999999999985e-16 -7.872948819122359e-08
9.299999999999985e-16 -7.837025318698167e-08
9.399999999999985e-16 -7.805520316860841e-08
9.399999999999985e-16 -7.774015315023514e-08
9.499999999999985e-16 -7.74720136052134e-08
9.499999999999985e-16 -7.720387406019167e-08
9.599999999999984e-16 -7.698512266445833e-08
9.599999999999984e-16 -7.676637126872498e-08
9.699999999999984e-16 -7.659922608557298e-08
9.699999999999984e-16 -7.643208090242097e-08
9.799999999999984e-16 -7.631848994670933e-08
9.799999999999984e-16 -7.620489899099768e-08
9.899999999999983e-16 -7.614653121205549e-08
9.899999999999983e-16 -7.60881634331133e-08
9.999999999999983e-16 -7.608640116193887e-08
9.999999999999983e-16 -7.608463889076444e-08
1.0099999999999983e-15 -7.614057178908365e-08
1.0099999999999983e-15 -7.619650468740287e-08
1.0199999999999982e-15 -7.631092522790736e-08
1.0199999999999982e-15 -7.642534576841184e-08
1.0299999999999982e-15 -7.659874626709333e-08
1.0299999999999982e-15 -7.677214676577481e-08
1.0399999999999982e-15 -7.700471797875491e-08
1.0399999999999982e-15 -7.723728919173501e-08
1.0499999999999981e-15 -7.752892048040652e-08
1.0499999999999981e-15 -7.782055176907805e-08
1.059999999999998e-15 -7.817083282877345e-08
1.059999999999998e-15 -7.852111388846884e-08
1.069999999999998e-15 -7.892933802730225e-08
1.069999999999998e-15 -7.933756216613566e-08
1.079999999999998e-15 -7.98027311121741e-08
1.079999999999998e-15 -8.026790005821255e-08
1.089999999999998e-15 -8.078873026476931e-08
1.089999999999998e-15 -8.130956047132608e-08
1.099999999999998e-15 -8.188449088197844e-08
1.099999999999998e-15 -8.245942129263081e-08
1.109999999999998e-15 -8.308662251959708e-08
1.109999999999998e-15 -8.371382374656334e-08
1.1199999999999979e-15 -8.439120860836906e-08
1.1199999999999979e-15 -8.506859347017478e-08
1.1299999999999979e-15 -8.579382882714365e-08
1.1299999999999979e-15 -8.651906418411253e-08
1.1399999999999978e-15 -8.728958400317432e-08
1.1399999999999978e-15 -8.80601038222361e-08
1.1499999999999978e-15 -8.887312339588925e-08
1.1499999999999978e-15 -8.96861429695424e-08
1.1599999999999977e-15 -9.053867420758669e-08
1.1599999999999977e-15 -9.139120544563099e-08
1.1699999999999977e-15 -9.228007315252247e-08
1.1699999999999977e-15 -9.316894085941396e-08
1.1799999999999977e-15 -9.409079990483358e-08
1.1799999999999977e-15 -9.501265895025321e-08
1.1899999999999976e-15 -9.596401223574182e-08
1.1899999999999976e-15 -9.691536552123042e-08
1.1999999999999976e-15 -9.789258264156117e-08
1.1999999999999976e-15 -9.886979976189193e-08
1.2099999999999976e-15 -9.986913625624742e-08
1.2099999999999976e-15 -1.0086847275060291e-07
1.2199999999999975e-15 -1.0188608983561545e-07
1.2199999999999975e-15 -1.02903706920628e-07
1.2299999999999975e-15 -1.0393569159495723e-07
1.2299999999999975e-15 -1.0496767626928646e-07
1.2399999999999975e-15 -1.0601006167764235e-07
1.2399999999999975e-15 -1.0705244708599823e-07
1.2499999999999974e-15 -1.0810123302940482e-07
1.2499999999999974e-15 -1.091500189728114e-07
1.2599999999999974e-15 -1.1020119245142764e-07
1.2599999999999974e-15 -1.1125236593004389e-07
1.2699999999999974e-15 -1.1230192160504199e-07
1.2699999999999974e-15 -1.133514772800401e-07
1.2799999999999973e-15 -1.1439543774186127e-07
1.2799999999999973e-15 -1.1543939820368245e-07
1.2899999999999973e-15 -1.1647383393546691e-07
1.2899999999999973e-15 -1.1750826966725139e-07
1.2999999999999973e-15 -1.1852931859434234e-07
1.2999999999999973e-15 -1.195503675214333e-07
1.3099999999999972e-15 -1.205542540405876e-07
1.3099999999999972e-15 -1.215581405597419e-07
1.3199999999999972e-15 -1.2254119394502005e-07
1.3199999999999972e-15 -1.2352424733029818e-07
1.3299999999999972e-15 -1.2448291941653455e-07
1.3299999999999972e-15 -1.254415915027709e-07
1.3399999999999971e-15 -1.263724735520246e-07
1.3399999999999971e-15 -1.273033556012783e-07
1.349999999999997e-15 -1.2820319426269723e-07
1.349999999999997e-15 -1.2910303292411615e-07
1.359999999999997e-15 -1.2996874520320367e-07
1.359999999999997e-15 -1.3083445748229123e-07
1.369999999999997e-15 -1.3166314464158714e-07
1.369999999999997e-15 -1.3249183180088306e-07
1.379999999999997e-15 -1.3328079212054827e-07
1.379999999999997e-15 -1.340697524402135e-07
1.389999999999997e-15 -1.3481649277389043e-07
1.389999999999997e-15 -1.355632331075674e-07
1.399999999999997e-15 -1.3626547917613343e-07
1.399999999999997e-15 -1.369677252446995e-07
1.4099999999999969e-15 -1.376234306181045e-07
1.4099999999999969e-15 -1.3827913599150948e-07
1.4199999999999968e-15 -1.388864897167465e-07
1.4199999999999968e-15 -1.3949384344198354e-07
1.4299999999999968e-15 -1.4005127628332157e-07
1.4299999999999968e-15 -1.4060870912465963e-07
1.4399999999999968e-15 -1.4111489839054887e-07
1.4399999999999968e-15 -1.4162108765643814e-07
1.4499999999999967e-15 -1.4207496059591025e-07
1.4499999999999967e-15 -1.4252883353538234e-07
1.4599999999999967e-15 -1.429295692952632e-07
1.4599999999999967e-15 -1.433303050551441e-07
1.4699999999999967e-15 -1.4367733519794469e-07
1.4699999999999967e-15 -1.440243653407453e-07
1.4799999999999966e-15 -1.4431737293161843e-07
1.4799999999999966e-15 -1.4461038052249156e-07
1.4899999999999966e-15 -1.4484929780210412e-07
1.4899999999999966e-15 -1.4508821508171668e-07
1.4999999999999966e-15 -1.4527321975024403e-07
1.4999999999999966e-15 -1.454582244187714e-07
1.5099999999999965e-15 -1.4558973456440215e-07
1.5099999999999965e-15 -1.4572124471003294e-07
1.5199999999999965e-15 -1.4579991242335108e-07
1.5199999999999965e-15 -1.4587858013666923e-07
1.5299999999999965e-15 -1.4590528385999483e-07
1.5299999999999965e-15 -1.4593198758332043e-07
1.5399999999999964e-15 -1.459078232515022e-07
1.5399999999999964e-15 -1.4588365891968396e-07
1.5499999999999964e-15 -1.4580992995589173e-07
1.5499999999999964e-15 -1.4573620099209948e-07
1.5599999999999964e-15 -1.4561440722883656e-07
1.5599999999999964e-15 -1.4549261346557364e-07
1.5699999999999963e-15 -1.4532443906736044e-07
1.5699999999999963e-15 -1.4515626466914722e-07
1.5799999999999963e-15 -1.4494356513908357e-07
1.5799999999999963e-15 -1.4473086560901988e-07
1.5899999999999963e-15 -1.4447565396670212e-07
1.5899999999999963e-15 -1.4422044232438436e-07
1.5999999999999962e-15 -1.4392487454735968e-07
1.5999999999999962e-15 -1.4362930677033503e-07
1.6099999999999962e-15 -1.432956665954346e-07
1.6099999999999962e-15 -1.4296202642053412e-07
1.6199999999999962e-15 -1.425927096049862e-07
1.6199999999999962e-15 -1.422233927894383e-07
1.6299999999999961e-15 -1.418208909346013e-07
1.6299999999999961e-15 -1.4141838907976436e-07
1.639999999999996e-15 -1.409852731226484e-07
1.639999999999996e-15 -1.4055215716553246e-07
1.649999999999996e-15 -1.4009106064492714e-07
1.649999999999996e-15 -1.396299641243218e-07
1.659999999999996e-15 -1.3914356632937507e-07
1.659999999999996e-15 -1.3865716853442831e-07
1.669999999999996e-15 -1.381481776438573e-07
1.669999999999996e-15 -1.376391867532863e-07
1.679999999999996e-15 -1.3711032307308494e-07
1.679999999999996e-15 -1.365814593928836e-07
1.689999999999996e-15 -1.3603543879941362e-07
1.689999999999996e-15 -1.3548941820594363e-07
1.6999999999999959e-15 -1.3492893589964183e-07
1.6999999999999959e-15 -1.3436845359334005e-07
1.7099999999999958e-15 -1.3379616826599473e-07
1.7099999999999958e-15 -1.3322388293864943e-07
1.7199999999999958e-15 -1.3264240145425882e-07
1.7199999999999958e-15 -1.320609199698682e-07
1.7299999999999958e-15 -1.3147278265555943e-07
1.7299999999999958e-15 -1.308846453412507e-07
1.7399999999999957e-15 -1.3029231198058662e-07
1.7399999999999957e-15 -1.2969997861992253e-07
1.7499999999999957e-15 -1.2910581523620756e-07
1.7499999999999957e-15 -1.2851165185249261e-07
1.7599999999999957e-15 -1.2791791836443501e-07
1.7599999999999957e-15 -1.2732418487637739e-07
1.7699999999999956e-15 -1.26733023702688e-07
1.7699999999999956e-15 -1.2614186252899862e-07
1.7799999999999958e-15 -1.2555528821226286e-07
1.7799999999999958e-15 -1.249687138955271e-07
1.789999999999996e-15 -1.243886038089953e-07
1.789999999999996e-15 -1.238084937224635e-07
1.799999999999996e-15 -1.2323657991632335e-07
1.799999999999996e-15 -1.2266466611018318e-07
1.8099999999999963e-15 -1.2210252834643163e-07
1.8099999999999963e-15 -1.2154039058268005e-07
1.8199999999999964e-15 -1.2098945059997114e-07
1.8199999999999964e-15 -1.204385106172622e-07
1.8299999999999966e-15 -1.1990002765908788e-07
1.8299999999999966e-15 -1.1936154470091356e-07
1.8399999999999968e-15 -1.1883661233224537e-07
1.8399999999999968e-15 -1.1831167996357718e-07
1.849999999999997e-15 -1.1780122419272816e-07
1.849999999999997e-15 -1.1729076842187914e-07
1.859999999999997e-15 -1.1679554713581459e-07
1.859999999999997e-15 -1.1630032584975003e-07
1.8699999999999973e-15 -1.1582092956255485e-07
1.8699999999999973e-15 -1.1534153327535968e-07
1.8799999999999974e-15 -1.1487838718096961e-07
1.8799999999999974e-15 -1.1441524108657956e-07
1.8899999999999976e-15 -1.1396860839839675e-07
1.8899999999999976e-15 -1.1352197571021393e-07
1.8999999999999977e-15 -1.1309196226178513e-07
1.8999999999999977e-15 -1.1266194881335634e-07
1.909999999999998e-15 -1.1224850888604143e-07
1.909999999999998e-15 -1.1183506895872653e-07
1.919999999999998e-15 -1.1143801229420916e-07
1.919999999999998e-15 -1.1104095562969179e-07
1.9299999999999982e-15 -1.1065995557737823e-07
1.9299999999999982e-15 -1.1027895552506467e-07
1.9399999999999984e-15 -1.0991355826689959e-07
1.9399999999999984e-15 -1.0954816100873451e-07
1.9499999999999986e-15 -1.091977957968039e-07
1.9499999999999986e-15 -1.0884743058487329e-07
1.9599999999999987e-15 -1.0851142092038482e-07
1.9599999999999987e-15 -1.0817541125589635e-07
1.969999999999999e-15 -1.078529869318019e-07
1.969999999999999e-15 -1.0753056260770745e-07
1.979999999999999e-15 -1.0722087253135368e-07
1.979999999999999e-15 -1.0691118245499992e-07
1.9899999999999992e-15 -1.0661330816185924e-07
1.9899999999999992e-15 -1.0631543386871858e-07
1.9999999999999994e-15 -1.0602840363342624e-07
1.9999999999999994e-15 -1.057413733981339e-07
2.0099999999999995e-15 -1.0546417684484665e-07
2.0099999999999995e-15 -1.051869802915594e-07
2.0199999999999997e-15 -1.0491858340200223e-07
2.0199999999999997e-15 -1.0465018651244505e-07
2.03e-15 -1.0438954692702709e-07
2.03e-15 -1.0412890734160913e-07
2.04e-15 -1.0387498984662484e-07
2.04e-15 -1.0362107235164056e-07
2.05e-15 -1.0337286444387852e-07
2.05e-15 -1.0312465653611647e-07
2.0600000000000003e-15 -1.0288118395517782e-07
2.0600000000000003e-15 -1.0263771137423917e-07
2.0700000000000005e-15 -1.0239805349253183e-07
2.0700000000000005e-15 -1.0215839561082448e-07
2.0800000000000007e-15 -1.0192170057153798e-07
2.0800000000000007e-15 -1.0168500553225149e-07
2.090000000000001e-15 -1.0145050502665281e-07
2.090000000000001e-15 -1.0121600452105412e-07
2.100000000000001e-15 -1.0098302809815072e-07
2.100000000000001e-15 -1.0075005167524733e-07
2.110000000000001e-15 -1.0051804047924869e-07
2.110000000000001e-15 -1.0028602928325004e-07
2.1200000000000013e-15 -1.0005454911729491e-07
2.1200000000000013e-15 -9.982306895133979e-08
2.1300000000000015e-15 -9.959182256964044e-08
2.1300000000000015e-15 -9.93605761879411e-08
2.1400000000000016e-15 -9.91294147227988e-08
2.1400000000000016e-15 -9.889825325765652e-08
2.150000000000002e-15 -9.866718669269808e-08
2.150000000000002e-15 -9.843612012773964e-08
2.160000000000002e-15 -9.820532673420025e-08
2.160000000000002e-15 -9.797453334066085e-08
2.170000000000002e-15 -9.774436799953713e-08
2.170000000000002e-15 -9.75142026584134e-08
2.1800000000000023e-15 -9.728520399782455e-08
2.1800000000000023e-15 -9.705620533723571e-08
2.1900000000000025e-15 -9.682910162130503e-08
2.1900000000000025e-15 -9.660199790537436e-08
2.2000000000000026e-15 -9.637771161833603e-08
2.2000000000000026e-15 -9.615342533129769e-08
2.2100000000000028e-15 -9.593307640832107e-08
2.2100000000000028e-15 -9.571272748534445e-08
2.220000000000003e-15 -9.549763514968122e-08
2.220000000000003e-15 -9.528254281401797e-08
2.230000000000003e-15 -9.507422598848073e-08
2.230000000000003e-15 -9.486590916294349e-08
2.2400000000000033e-15 -9.46660854323699e-08
2.2400000000000033e-15 -9.446626170179632e-08
2.2500000000000034e-15 -9.427684481198417e-08
2.2500000000000034e-15 -9.408742792217202e-08
2.2600000000000036e-15 -9.39105238097381e-08
2.2600000000000036e-15 -9.37336196973042e-08
2.2700000000000038e-15 -9.357152105397127e-08
2.2700000000000038e-15 -9.340942241063835e-08
2.280000000000004e-15 -9.326460179453507e-08
2.280000000000004e-15 -9.31197811784318e-08
2.290000000000004e-15 -9.299488269404711e-08
2.290000000000004e-15 -9.286998420966244e-08
2.3000000000000042e-15 -9.276781378707266e-08
2.3000000000000042e-15 -9.266564336448286e-08
2.3100000000000044e-15 -9.258915767731871e-08
2.3100000000000044e-15 -9.251267199015454e-08
2.3200000000000046e-15 -9.246496606043536e-08
2.3200000000000046e-15 -9.241726013071617e-08
2.3300000000000047e-15 -9.240155367710547e-08
2.3300000000000047e-15 -9.23858472234948e-08
2.340000000000005e-15 -9.240546981767007e-08
2.340000000000005e-15 -9.242509241184534e-08
2.350000000000005e-15 -9.248346751547767e-08
2.350000000000005e-15 -9.254184261911e-08
2.3600000000000052e-15 -9.264247058136944e-08
2.3600000000000052e-15 -9.274309854362888e-08
2.3700000000000054e-15 -9.288953864612267e-08
2.3700000000000054e-15 -9.303597874861647e-08
2.3800000000000055e-15 -9.323183039118803e-08
2.3800000000000055e-15 -9.342768203375962e-08
2.3900000000000057e-15 -9.367656516058675e-08
2.3900000000000057e-15 -9.392544828741388e-08
2.400000000000006e-15 -9.423098315830482e-08
2.400000000000006e-15 -9.453651802919575e-08
2.410000000000006e-15 -9.49023044458632e-08
2.410000000000006e-15 -9.526809086253067e-08
2.420000000000006e-15 -9.56976869638889e-08
2.420000000000006e-15 -9.612728306524714e-08
2.4300000000000064e-15 -9.66241838094046e-08
2.4300000000000064e-15 -9.712108455356208e-08
2.4400000000000065e-15 -9.768870000714513e-08
2.4400000000000065e-15 -9.825631546072816e-08
2.4500000000000067e-15 -9.889794901844776e-08
2.4500000000000067e-15 -9.953958257616734e-08
2.460000000000007e-15 -1.002584092351244e-07
2.460000000000007e-15 -1.0097723589408147e-07
2.470000000000007e-15 -1.0177628070816796e-07
2.470000000000007e-15 -1.0257532552225445e-07
2.480000000000007e-15 -1.0345744236216363e-07
2.480000000000007e-15 -1.043395592020728e-07
2.4900000000000073e-15 -1.0530740994584839e-07
2.4900000000000073e-15 -1.0627526068962399e-07
2.5000000000000075e-15 -1.0733129496738703e-07
2.5000000000000075e-15 -1.0838732924515007e-07
2.5100000000000077e-15 -1.0953376485962625e-07
2.5100000000000077e-15 -1.1068020047410243e-07
2.520000000000008e-15 -1.1191900461584463e-07
2.520000000000008e-15 -1.1315780875758684e-07
2.530000000000008e-15 -1.1449068013037247e-07
2.530000000000008e-15 -1.1582355150315812e-07
2.540000000000008e-15 -1.1725190347093683e-07
2.540000000000008e-15 -1.1868025543871555e-07
2.5500000000000083e-15 -1.202052003007303e-07
2.5500000000000083e-15 -1.2173014516274503e-07
2.5600000000000085e-15 -1.2335247965805529e-07
2.5600000000000085e-15 -1.2497481415336554e-07
2.5700000000000086e-15 -1.2669500629000876e-07
2.5700000000000086e-15 -1.2841519842665198e-07
2.5800000000000088e-15 -1.3023337572411487e-07
2.5800000000000088e-15 -1.3205155302157773e-07
2.590000000000009e-15 -1.3396749224814061e-07
2.590000000000009e-15 -1.358834314747035e-07
2.600000000000009e-15 -1.3789654995362554e-07
2.600000000000009e-15 -1.3990966843254757e-07
2.6100000000000093e-15 -1.4201901698299984e-07
2.6100000000000093e-15 -1.4412836553345212e-07
2.6200000000000094e-15 -1.4633262310363943e-07
2.6200000000000094e-15 -1.4853688067382674e-07
2.6300000000000096e-15 -1.5083435071491204e-07
2.6300000000000096e-15 -1.5313182075599735e-07
2.6400000000000098e-15 -1.5552042937628e-07
2.6400000000000098e-15 -1.5790903799656265e-07
2.65000000000001e-15 -1.6038633392597478e-07
2.65000000000001e-15 -1.6286362985538691e-07
2.66000000000001e-15 -1.6542678624073013e-07
2.66000000000001e-15 -1.6798994262607335e-07
2.6700000000000103e-15 -1.706357606676527e-07
2.6700000000000103e-15 -1.7328157870923208e-07
2.6800000000000104e-15 -1.7600649313966386e-07
2.6800000000000104e-15 -1.787314075700956e-07
2.6900000000000106e-15 -1.815314939661389e-07
2.6900000000000106e-15 -1.8433158036218218e-07
2.7000000000000107e-15 -1.8720256427054163e-07
2.7000000000000107e-15 -1.9007354817890107e-07
2.710000000000011e-15 -1.9301081602708925e-07
2.710000000000011e-15 -1.959480838752774e-07
2.720000000000011e-15 -1.9894669562893374e-07
2.720000000000011e-15 -2.0194530738259007e-07
2.7300000000000112e-15 -2.0500001090107943e-07
2.7300000000000112e-15 -2.080547144195688e-07
2.7400000000000114e-15 -2.1115996145241357e-07
2.7400000000000114e-15 -2.1426520848525833e-07
2.7500000000000116e-15 -2.1741517224291789e-07
2.7500000000000116e-15 -2.2056513600057747e-07
2.7600000000000117e-15 -2.2375373022442814e-07
2.7600000000000117e-15 -2.269423244482788e-07
2.770000000000012e-15 -2.301632238963541e-07
2.770000000000012e-15 -2.3338412334442942e-07
2.780000000000012e-15 -2.3663078560164018e-07
2.780000000000012e-15 -2.3987744785885097e-07
2.7900000000000122e-15 -2.431431363730351e-07
2.7900000000000122e-15 -2.4640882488721917e-07
2.8000000000000124e-15 -2.496866331255339e-07
2.8000000000000124e-15 -2.5296444136384864e-07
2.8100000000000125e-15 -2.5624731797775474e-07
2.8100000000000125e-15 -2.5953019459166084e-07
2.8200000000000127e-15 -2.6281096947306073e-07
2.8200000000000127e-15 -2.6609174435446057e-07
2.830000000000013e-15 -2.6936315546052745e-07
2.830000000000013e-15 -2.7263456656659433e-07
2.840000000000013e-15 -2.758892873864589e-07
2.840000000000013e-15 -2.791440082063235e-07
2.850000000000013e-15 -2.823746757390848e-07
2.850000000000013e-15 -2.856053432718461e-07
2.8600000000000133e-15 -2.8880458638241765e-07
2.8600000000000133e-15 -2.9200382949298915e-07
2.8700000000000135e-15 -2.951642975100283e-07
2.8700000000000135e-15 -2.9832476552706743e-07
2.8800000000000137e-15 -3.014391569457388e-07
2.8800000000000137e-15 -3.045535483644102e-07
2.890000000000014e-15 -3.0761463951596946e-07
2.890000000000014e-15 -3.1067573066752877e-07
2.900000000000014e-15 -3.136764042177076e-07
2.900000000000014e-15 -3.1667707776788644e-07
2.910000000000014e-15 -3.1961035090680085e-07
2.910000000000014e-15 -3.225436240457153e-07
2.9200000000000143e-15 -3.2540267623351863e-07
2.9200000000000143e-15 -3.2826172842132184e-07
2.9300000000000145e-15 -3.3103992855605117e-07
2.9300000000000145e-15 -3.3381812869078045e-07
2.9400000000000146e-15 -3.365090615677919e-07
2.9400000000000146e-15 -3.3919999444480326e-07
2.950000000000015e-15 -3.417974863808737e-07
2.950000000000015e-15 -3.4439497831694415e-07
2.960000000000015e-15 -3.4689312181643875e-07
2.960000000000015e-15 -3.493912653159334e-07
2.970000000000015e-15 -3.517844426614678e-07
2.970000000000015e-15 -3.5417762000700216e-07
2.9800000000000153e-15 -3.564605256626481e-07
2.9800000000000153e-15 -3.587434313182941e-07
2.9900000000000155e-15 -3.6091109303962363e-07
2.9900000000000155e-15 -3.630787547609532e-07
3.0000000000000156e-15 -3.651265533129925e-07
3.0000000000000156e-15 -3.671743518650318e-07
3.0100000000000158e-15 -3.690980392565261e-07
3.0100000000000158e-15 -3.7102172664802045e-07
3.020000000000016e-15 -3.7281744279818933e-07
3.020000000000016e-15 -3.746131589483582e-07
3.030000000000016e-15 -3.762774467105343e-07
3.030000000000016e-15 -3.7794173447271045e-07
3.0400000000000163e-15 -3.794715529478869e-07
3.0400000000000163e-15 -3.810013714230634e-07
3.0500000000000164e-15 -3.823941075052691e-07
3.0500000000000164e-15 -3.837868435874749e-07
3.0600000000000166e-15 -3.8504032169215897e-07
3.0600000000000166e-15 -3.8629379979684303e-07
3.0700000000000168e-15 -3.8740628973285824e-07
3.0700000000000168e-15 -3.885187796688735e-07
3.080000000000017e-15 -3.89489002624304e-07
3.080000000000017e-15 -3.9045922557973456e-07
3.090000000000017e-15 -3.912863582015189e-07
3.090000000000017e-15 -3.9211349082330326e-07
3.1000000000000172e-15 -3.9279716738042607e-07
3.1000000000000172e-15 -3.934808439375489e-07
3.1100000000000174e-15 -3.9402115656738485e-07
3.1100000000000174e-15 -3.9456146919722076e-07
3.1200000000000176e-15 -3.949589662443499e-07
3.1200000000000176e-15 -3.95356463291479e-07
3.1300000000000177e-15 -3.9561214575798853e-07
3.1300000000000177e-15 -3.9586782822449806e-07
3.140000000000018e-15 -3.959831443602358e-07
3.140000000000018e-15 -3.9609846049597356e-07
3.150000000000018e-15 -3.9607529856656067e-07
3.150000000000018e-15 -3.960521366371478e-07
3.1600000000000182e-15 -3.958928159165289e-07
3.1600000000000182e-15 -3.9573349519590997e-07
3.1700000000000184e-15 -3.954407552389873e-07
3.1700000000000184e-15 -3.9514801528206466e-07
3.1800000000000185e-15 -3.947250035412708e-07
3.1800000000000185e-15 -3.9430199180047695e-07
3.1900000000000187e-15 -3.937522496581351e-07
3.1900000000000187e-15 -3.9320250751579324e-07
3.200000000000019e-15 -3.9252995481159004e-07
3.200000000000019e-15 -3.9185740210738685e-07
3.210000000000019e-15 -3.9106632024731717e-07
3.210000000000019e-15 -3.9027523838724743e-07
3.220000000000019e-15 -3.893702521268922e-07
3.220000000000019e-15 -3.8846526586653695e-07
3.2300000000000194e-15 -3.874513238674769e-07
3.2300000000000194e-15 -3.864373818684168e-07
3.2400000000000195e-15 -3.8531973613193566e-07
3.2400000000000195e-15 -3.842020903954545e-07
3.2500000000000197e-15 -3.8298627468245233e-07
3.2500000000000197e-15 -3.817704589694501e-07
3.26000000000002e-15 -3.8046226631959524e-07
3.26000000000002e-15 -3.791540736697404e-07
3.27000000000002e-15 -3.7775953313635474e-07
3.27000000000002e-15 -3.763649926029691e-07
3.28000000000002e-15 -3.7489034532293996e-07
3.28000000000002e-15 -3.734156980429108e-07
3.2900000000000203e-15 -3.7186737276307076e-07
3.2900000000000203e-15 -3.703190474832307e-07
3.3000000000000205e-15 -3.6870363566604516e-07
3.3000000000000205e-15 -3.670882238488596e-07
3.3100000000000207e-15 -3.6541245448106955e-07
3.3100000000000207e-15 -3.637366851132794e-07
3.320000000000021e-15 -3.6200739934119364e-07
3.320000000000021e-15 -3.6027811356910786e-07
3.330000000000021e-15 -3.585022392836465e-07
3.330000000000021e-15 -3.567263649981851e-07
3.340000000000021e-15 -3.549108914914876e-07
3.340000000000021e-15 -3.5309541798479005e-07
3.3500000000000213e-15 -3.512473707983151e-07
3.3500000000000213e-15 -3.4939932361184024e-07
3.3600000000000215e-15 -3.475257396932627e-07
3.3600000000000215e-15 -3.456521557746851e-07
3.3700000000000216e-15 -3.4376005905776945e-07
3.3700000000000216e-15 -3.418679623408538e-07
3.3800000000000218e-15 -3.3996433985865366e-07
3.3800000000000218e-15 -3.3806071737645353e-07
3.390000000000022e-15 -3.361524960138659e-07
3.390000000000022e-15 -3.342442746512783e-07
3.400000000000022e-15 -3.32338298638093e-07
3.400000000000022e-15 -3.3043232262490764e-07
3.4100000000000223e-15 -3.2853533186507947e-07
3.4100000000000223e-15 -3.2663834110525124e-07
3.4200000000000224e-15 -3.2475695043227496e-07
3.4200000000000224e-15 -3.228755597592986e-07
3.4300000000000226e-15 -3.210162392012599e-07
3.4300000000000226e-15 -3.191569186432212e-07
3.4400000000000228e-15 -3.173259747743889e-07
3.4400000000000228e-15 -3.154950309055567e-07
3.450000000000023e-15 -3.1369858935435525e-07
3.450000000000023e-15 -3.119021478031539e-07
3.460000000000023e-15 -3.101461369789746e-07
3.460000000000023e-15 -3.083901261547954e-07
3.4700000000000233e-15 -3.066802622484842e-07
3.4700000000000233e-15 -3.0497039834217296e-07
3.4800000000000234e-15 -3.0331217164719354e-07
3.4800000000000234e-15 -3.0165394495221413e-07
3.4900000000000236e-15 -3.000526075454407e-07
3.4900000000000236e-15 -2.9845127013866726e-07
3.5000000000000237e-15 -2.969118249516447e-07
3.5000000000000237e-15 -2.953723797646222e-07
3.510000000000024e-15 -2.938995710678519e-07
3.510000000000024e-15 -2.9242676237108157e-07
3.520000000000024e-15 -2.910250676856804e-07
3.520000000000024e-15 -2.896233730002792e-07
3.5300000000000242e-15 -2.882969964430517e-07
3.5300000000000242e-15 -2.869706198858242e-07
3.5400000000000244e-15 -2.8572348694564017e-07
3.5400000000000244e-15 -2.8447635400545614e-07
3.5500000000000246e-15 -2.8331210774070737e-07
3.5500000000000246e-15 -2.8214786147595866e-07
3.560000000000025e-15 -2.8106986011494267e-07
3.560000000000025e-15 -2.799918587539267e-07
3.5700000000000245e-15 -2.79003174672262e-07
3.5700000000000245e-15 -2.7801449059059734e-07
3.580000000000024e-15 -2.7711791063226237e-07
3.580000000000024e-15 -2.7622133067392734e-07
3.590000000000024e-15 -2.754193577752869e-07
3.590000000000024e-15 -2.746173848766465e-07
3.600000000000024e-15 -2.7391224094591327e-07
3.600000000000024e-15 -2.732070970151801e-07
3.6100000000000236e-15 -2.7260072701319697e-07
3.6100000000000236e-15 -2.7199435701121383e-07
3.620000000000023e-15 -2.714884341732667e-07
3.620000000000023e-15 -2.7098251133531955e-07
3.630000000000023e-15 -2.705784434679387e-07
3.630000000000023e-15 -2.701743756005578e-07
3.640000000000023e-15 -2.698733123819593e-07
3.640000000000023e-15 -2.6957224916336084e-07
3.650000000000023e-15 -2.6937509037135234e-07
3.650000000000023e-15 -2.691779315793439e-07
3.6600000000000224e-15 -2.690853361661978e-07
3.6600000000000224e-15 -2.689927407530518e-07
3.670000000000022e-15 -2.690051366830471e-07
3.670000000000022e-15 -2.690175326130424e-07
3.680000000000022e-15 -2.6913512737511917e-07
3.680000000000022e-15 -2.6925272213719597e-07
3.690000000000022e-15 -2.694755138424724e-07
3.690000000000022e-15 -2.6969830554774876e-07
3.7000000000000215e-15 -2.700260945195213e-07
3.7000000000000215e-15 -2.703538834912938e-07
3.710000000000021e-15 -2.707862842536017e-07
3.710000000000021e-15 -2.712186850159096e-07
3.720000000000021e-15 -2.7175513858578743e-07
3.720000000000021e-15 -2.7229159215566524e-07
3.730000000000021e-15 -2.7293137854384425e-07
3.730000000000021e-15 -2.7357116493202325e-07
3.7400000000000205e-15 -2.7431341575707315e-07
3.7400000000000205e-15 -2.7505566658212305e-07
3.75000000000002e-15 -2.758993777038401e-07
3.75000000000002e-15 -2.7674308882555723e-07
3.76000000000002e-15 -2.7768713290480866e-07
3.76000000000002e-15 -2.786311769840601e-07
3.77000000000002e-15 -2.796743158782598e-07
3.77000000000002e-15 -2.8071745477245955e-07
3.78000000000002e-15 -2.818583516783991e-07
3.78000000000002e-15 -2.8299924858433865e-07
3.790000000000019e-15 -2.842364798431545e-07
3.790000000000019e-15 -2.854737111019703e-07
3.800000000000019e-15 -2.8680577758465517e-07
3.800000000000019e-15 -2.8813784406733997e-07
3.810000000000019e-15 -2.895631820632936e-07
3.810000000000019e-15 -2.9098852005924727e-07
3.820000000000019e-15 -2.925055115949746e-07
3.820000000000019e-15 -2.9402250313070196e-07
3.8300000000000185e-15 -2.956294856507816e-07
3.8300000000000185e-15 -2.9723646817086124e-07
3.840000000000018e-15 -2.989317435188052e-07
3.840000000000018e-15 -3.0062701886674917e-07
3.850000000000018e-15 -3.024088615091943e-07
3.850000000000018e-15 -3.041907041516394e-07
3.860000000000018e-15 -3.060573685955671e-07
3.860000000000018e-15 -3.0792403303949475e-07
3.8700000000000175e-15 -3.098737603986674e-07
3.8700000000000175e-15 -3.1182348775784005e-07
3.880000000000017e-15 -3.1385451143149465e-07
3.880000000000017e-15 -3.1588553510514925e-07
3.890000000000017e-15 -3.179960855390213e-07
3.890000000000017e-15 -3.201066359728933e-07
3.900000000000017e-15 -3.2229494447991145e-07
3.900000000000017e-15 -3.244832529869296e-07
3.9100000000000166e-15 -3.267475546123339e-07
3.9100000000000166e-15 -3.2901185623773823e-07
3.920000000000016e-15 -3.313503916609008e-07
3.920000000000016e-15 -3.3368892708406335e-07
3.930000000000016e-15 -3.3609994355687064e-07
3.930000000000016e-15 -3.3851096002967794e-07
3.940000000000016e-15 -3.4099271135896237e-07
3.940000000000016e-15 -3.434744626882468e-07
3.950000000000016e-15 -3.4602520827732263e-07
3.950000000000016e-15 -3.4857595386639845e-07
3.9600000000000154e-15 -3.5119395683828147e-07
3.9600000000000154e-15 -3.538119598101645e-07
3.970000000000015e-15 -3.564954842424365e-07
3.970000000000015e-15 -3.591790086747086e-07
3.980000000000015e-15 -3.619263159832159e-07
3.980000000000015e-15 -3.6467362329172324e-07
3.990000000000015e-15 -3.674829678073127e-07
3.990000000000015e-15 -3.7029231232290207e-07
4.0000000000000145e-15 -3.731619361121509e-07
4.0000000000000145e-15 -3.7603155990139965e-07
4.010000000000014e-15 -3.7895968688873346e-07
4.010000000000014e-15 -3.818878138760672e-07
4.020000000000014e-15 -3.8487264333080076e-07
4.020000000000014e-15 -3.8785747278553435e-07
4.030000000000014e-15 -3.908971722430454e-07
4.030000000000014e-15 -3.939368717005565e-07
4.0400000000000136e-15 -3.9702956939214584e-07
4.0400000000000136e-15 -4.001222670837351e-07
4.050000000000013e-15 -4.0326604395452024e-07
4.050000000000013e-15 -4.064098208253054e-07
4.060000000000013e-15 -4.0960270222384664e-07
4.060000000000013e-15 -4.1279558362238785e-07
4.070000000000013e-15 -4.1603553074956984e-07
4.070000000000013e-15 -4.1927547787675177e-07
4.080000000000013e-15 -4.2256037908464616e-07
4.080000000000013e-15 -4.258452802925405e-07
4.0900000000000124e-15 -4.291729423266752e-07
4.0900000000000124e-15 -4.325006043608099e-07
4.100000000000012e-15 -4.358687436413101e-07
4.100000000000012e-15 -4.392368829218103e-07
4.110000000000012e-15 -4.426431169602831e-07
4.110000000000012e-15 -4.460493509987559e-07
4.120000000000012e-15 -4.49491190048592e-07
4.120000000000012e-15 -4.529330290984282e-07
4.1300000000000115e-15 -4.5640786813629146e-07
4.1300000000000115e-15 -4.5988270717415467e-07
4.140000000000011e-15 -4.6338781830990076e-07
4.140000000000011e-15 -4.668929294456468e-07
4.150000000000011e-15 -4.704254548566718e-07
4.150000000000011e-15 -4.7395798026769674e-07
4.160000000000011e-15 -4.775149257518507e-07
4.160000000000011e-15 -4.810718712360046e-07
4.1700000000000106e-15 -4.846501004746298e-07
4.1700000000000106e-15 -4.882283297132548e-07
4.18000000000001e-15 -4.918245593326767e-07
4.18000000000001e-15 -4.954207889520987e-07
4.19000000000001e-15 -4.990315844680706e-07
4.19000000000001e-15 -5.026423799840426e-07
4.20000000000001e-15 -5.062641527090861e-07
4.20000000000001e-15 -5.098859254341295e-07
4.21000000000001e-15 -5.13514930422649e-07
4.21000000000001e-15 -5.171439354111683e-07
4.2200000000000094e-15 -5.207762705114798e-07
4.2200000000000094e-15 -5.244086056117913e-07
4.230000000000009e-15 -5.28040211687964e-07
4.230000000000009e-15 -5.316718177641367e-07
4.240000000000009e-15 -5.352984801437437e-07
4.240000000000009e-15 -5.389251425233506e-07
4.250000000000009e-15 -5.425424937199409e-07
4.250000000000009e-15 -5.461598449165312e-07
4.2600000000000085e-15 -5.497633686679042e-07
4.2600000000000085e-15 -5.533668924192772e-07
4.270000000000008e-15 -5.56951929074496e-07
4.270000000000008e-15 -5.60536965729715e-07
4.280000000000008e-15 -5.64098719009281e-07
4.280000000000008e-15 -5.67660472288847e-07
4.290000000000008e-15 -5.71194017433628e-07
4.290000000000008e-15 -5.74727562578409e-07
4.3000000000000076e-15 -5.782278558938239e-07
4.3000000000000076e-15 -5.817281492092388e-07
4.310000000000007e-15 -5.851900390019377e-07
4.310000000000007e-15 -5.886519287946366e-07
4.320000000000007e-15 -5.920701676893843e-07
4.320000000000007e-15 -5.95488406584132e-07
4.330000000000007e-15 -5.988576651991416e-07
4.330000000000007e-15 -6.022269238141514e-07
4.340000000000007e-15 -6.05541805763453e-07
4.340000000000007e-15 -6.088566877127546e-07
4.350000000000006e-15 -6.121117458946787e-07
4.350000000000006e-15 -6.153668040766027e-07
4.360000000000006e-15 -6.185565581978993e-07
4.360000000000006e-15 -6.217463123191958e-07
4.370000000000006e-15 -6.248652675950665e-07
4.370000000000006e-15 -6.279842228709374e-07
4.380000000000006e-15 -6.310268898320095e-07
4.380000000000006e-15 -6.340695567930816e-07
4.3900000000000055e-15 -6.370304721215743e-07
4.3900000000000055e-15 -6.39991387450067e-07
4.400000000000005e-15 -6.428651357587803e-07
4.400000000000005e-15 -6.457388840674935e-07
4.410000000000005e-15 -6.485201205271292e-07
4.410000000000005e-15 -6.513013569867649e-07
4.420000000000005e-15 -6.539848306992928e-07
4.420000000000005e-15 -6.566683044118206e-07
4.4300000000000045e-15 -6.592488824204276e-07
4.4300000000000045e-15 -6.618294604290346e-07
4.440000000000004e-15 -6.643021522484427e-07
4.440000000000004e-15 -6.667748440678509e-07
4.450000000000004e-15 -6.691348266126909e-07
4.450000000000004e-15 -6.714948091575309e-07
4.460000000000004e-15 -6.737374519409895e-07
4.460000000000004e-15 -6.759800947244479e-07
4.470000000000004e-15 -6.781009851945988e-07
4.470000000000004e-15 -6.802218756647497e-07
4.480000000000003e-15 -6.822168445419232e-07
4.480000000000003e-15 -6.842118134190968e-07
4.490000000000003e-15 -6.860769598942979e-07
4.490000000000003e-15 -6.879421063694989e-07
4.500000000000003e-15 -6.896738230213344e-07
4.500000000000003e-15 -6.914055396731697e-07
4.510000000000003e-15 -6.930005369590252e-07
4.510000000000003e-15 -6.945955342448808e-07
4.5200000000000024e-15 -6.960508644211983e-07
4.5200000000000024e-15 -6.975061945975158e-07
4.530000000000002e-15 -6.988192749239445e-07
4.530000000000002e-15 -7.001323552503732e-07
4.540000000000002e-15 -7.013009903333179e-07
4.540000000000002e-15 -7.024696254162627e-07
4.550000000000002e-15 -7.034920285491659e-07
4.550000000000002e-15 -7.045144316820691e-07
4.5600000000000015e-15 -7.053892450420956e-07
4.5600000000000015e-15 -7.062640584021221e-07
4.570000000000001e-15 -7.069903719664466e-07
4.570000000000001e-15 -7.077166855307712e-07
4.580000000000001e-15 -7.082940545798604e-07
4.580000000000001e-15 -7.088714236289496e-07
4.590000000000001e-15 -7.092998847092841e-07
4.590000000000001e-15 -7.097283457896187e-07
4.6000000000000006e-15 -7.100084310142139e-07
4.6000000000000006e-15 -7.102885162388092e-07
4.61e-15 -7.104212658105871e-07
4.61e-15 -7.10554015382365e-07
4.62e-15 -7.10540988232823e-07
4.62e-15 -7.105279610832809e-07
4.63e-15 -7.103712435271202e-07
4.63e-15 -7.102145259709594e-07
4.64e-15 -7.099167382861574e-07
4.64e-15 -7.096189506013554e-07
4.6499999999999994e-15 -7.091832514536764e-07
4.6499999999999994e-15 -7.087475523059975e-07
4.659999999999999e-15 -7.081776409470175e-07
4.659999999999999e-15 -7.076077295880376e-07
4.669999999999999e-15 -7.069078457663903e-07
4.669999999999999e-15 -7.06207961944743e-07
4.679999999999999e-15 -7.053828834814017e-07
4.679999999999999e-15 -7.045578050180602e-07
4.6899999999999985e-15 -7.036128430080475e-07
4.6899999999999985e-15 -7.026678809980347e-07
4.699999999999998e-15 -7.016088726127994e-07
4.699999999999998e-15 -7.00549864227564e-07
4.709999999999998e-15 -6.993831631045305e-07
4.709999999999998e-15 -6.982164619814969e-07
4.719999999999998e-15 -6.969489261996887e-07
4.719999999999998e-15 -6.956813904178805e-07
4.7299999999999976e-15 -6.943203680711494e-07
4.7299999999999976e-15 -6.929593457244185e-07
4.739999999999997e-15 -6.915126581164844e-07
4.739999999999997e-15 -6.900659705085505e-07
4.749999999999997e-15 -6.885418930067818e-07
4.749999999999997e-15 -6.870178155050131e-07
4.759999999999997e-15 -6.854250561025512e-07
4.759999999999997e-15 -6.838322967000893e-07
4.769999999999997e-15 -6.821799723484338e-07
4.769999999999997e-15 -6.805276479967783e-07
4.7799999999999964e-15 -6.788252587833243e-07
4.7799999999999964e-15 -6.771228695698703e-07
4.789999999999996e-15 -6.753802708269461e-07
4.789999999999996e-15 -6.73637672084022e-07
4.799999999999996e-15 -6.718650445277015e-07
4.799999999999996e-15 -6.700924169713812e-07
4.809999999999996e-15 -6.683002349797058e-07
4.809999999999996e-15 -6.665080529880305e-07
4.8199999999999955e-15 -6.647070511390886e-07
4.8199999999999955e-15 -6.629060492901468e-07
4.829999999999995e-15 -6.611071872907888e-07
4.829999999999995e-15 -6.593083252914308e-07
4.839999999999995e-15 -6.575227514370963e-07
4.839999999999995e-15 -6.557371775827618e-07
4.849999999999995e-15 -6.539761908979276e-07
4.849999999999995e-15 -6.522152042130934e-07
4.8599999999999946e-15 -6.504902154301862e-07
4.8599999999999946e-15 -6.48765226647279e-07
4.869999999999994e-15 -6.470877181894198e-07
4.869999999999994e-15 -6.454102097315605e-07
4.879999999999994e-15 -6.43791694871238e-07
4.879999999999994e-15 -6.421731800109154e-07
4.889999999999994e-15 -6.406251613825564e-07
4.889999999999994e-15 -6.390771427541972e-07
4.899999999999994e-15 -6.376110704035283e-07
4.899999999999994e-15 -6.361449980528593e-07
4.9099999999999934e-15 -6.34772227209966e-07
4.9099999999999934e-15 -6.333994563670727e-07
4.919999999999993e-15 -6.321312051331237e-07
4.919999999999993e-15 -6.308629538991748e-07
4.929999999999993e-15 -6.29710261038779e-07
4.929999999999993e-15 -6.285575681783834e-07
4.939999999999993e-15 -6.275312512106292e-07
4.939999999999993e-15 -6.265049342428751e-07
4.9499999999999925e-15 -6.256155480240476e-07
4.9499999999999925e-15 -6.247261618052202e-07
4.959999999999992e-15 -6.239839577952049e-07
4.959999999999992e-15 -6.232417537851896e-07
4.969999999999992e-15 -6.226566401874826e-07
4.969999999999992e-15 -6.220715265897756e-07
4.979999999999992e-15 -6.21653029551922e-07
4.979999999999992e-15 -6.212345325140684e-07
