1e-17 2.1606231673287165e-14
1e-17 4.321246334657433e-14
2e-17 -1.0869977489842098e-10
2e-17 -2.1744276226018856e-10
3e-17 -3.3162586242407314e-10
3e-17 -4.4580896258795775e-10
4e-17 -5.926790599904642e-10
4e-17 -7.395491573929706e-10
5.0000000000000005e-17 -9.210440440452623e-10
5.0000000000000005e-17 -1.1025389306975542e-09
6e-17 -1.319926802158692e-09
6e-17 -1.53731467361983e-09
7e-17 -1.7917871272532561e-09
7e-17 -2.0462595808866823e-09
8e-17 -2.3388514797237403e-09
8e-17 -2.6314433785607983e-09
9.000000000000001e-17 -2.963020934176369e-09
9.000000000000001e-17 -3.294598489791939e-09
1.0000000000000001e-16 -3.6658505934321064e-09
1.0000000000000001e-16 -4.037102697072273e-09
1.1000000000000001e-16 -4.448533022230702e-09
1.1000000000000001e-16 -4.859963347389131e-09
1.2e-16 -5.311883455222793e-09
1.2e-16 -5.7638035630564535e-09
1.3e-16 -6.256327069047036e-09
1.3e-16 -6.74885057503762e-09
1.3999999999999998e-16 -7.2818884205319615e-09
1.3999999999999998e-16 -7.814926266026303e-09
1.4999999999999997e-16 -8.388183132462709e-09
1.4999999999999997e-16 -8.961439998899117e-09
1.5999999999999996e-16 -9.574411896034393e-09
1.5999999999999996e-16 -1.0187383793169667e-08
1.6999999999999995e-16 -1.0839356845883687e-08
1.6999999999999995e-16 -1.1491329898597705e-08
1.7999999999999994e-16 -1.2181380349931903e-08
1.7999999999999994e-16 -1.2871430801266099e-08
1.8999999999999993e-16 -1.359842624229358e-08
1.8999999999999993e-16 -1.432542168332106e-08
1.9999999999999992e-16 -1.5088023513284675e-08
1.9999999999999992e-16 -1.585062534324829e-08
2.099999999999999e-16 -1.6647292456185794e-08
2.099999999999999e-16 -1.7443959569123294e-08
2.199999999999999e-16 -1.8272953255963086e-08
2.199999999999999e-16 -1.9101946942802877e-08
2.299999999999999e-16 -1.996133699070546e-08
2.299999999999999e-16 -2.0820727038608044e-08
2.399999999999999e-16 -2.170839900218903e-08
2.399999999999999e-16 -2.2596070965770018e-08
2.499999999999999e-16 -2.350973457780978e-08
2.499999999999999e-16 -2.4423398189849545e-08
2.5999999999999994e-16 -2.5360596872220757e-08
2.5999999999999994e-16 -2.629779555459197e-08
2.6999999999999995e-16 -2.7255916983449902e-08
2.6999999999999995e-16 -2.821403841230783e-08
2.7999999999999996e-16 -2.9190326085142908e-08
2.7999999999999996e-16 -3.016661375797798e-08
2.9e-16 -3.115817950395054e-08
2.9e-16 -3.2149745249923094e-08
3e-16 -3.315358261903429e-08
3e-16 -3.4157419988145484e-08
3.1e-16 -3.517041844927848e-08
3.1e-16 -3.618341691041148e-08
3.2e-16 -3.720237678313339e-08
3.2e-16 -3.82213366558553e-08
3.3000000000000004e-16 -3.9242984696142e-08
3.3000000000000004e-16 -4.02646327364287e-08
3.4000000000000005e-16 -4.1285638292182745e-08
3.4000000000000005e-16 -4.230664384793679e-08
3.5000000000000007e-16 -4.3323635496349645e-08
3.5000000000000007e-16 -4.43406271447625e-08
3.600000000000001e-16 -4.535020972023852e-08
3.600000000000001e-16 -4.6359792295714534e-08
3.700000000000001e-16 -4.735856421426211e-08
3.700000000000001e-16 -4.835733613280969e-08
3.800000000000001e-16 -4.934190691651634e-08
3.800000000000001e-16 -5.032647770022298e-08
3.9000000000000012e-16 -5.129348560369908e-08
3.9000000000000012e-16 -5.2260493507175186e-08
4.0000000000000014e-16 -5.320662314667094e-08
4.0000000000000014e-16 -5.41527527861667e-08
4.1000000000000015e-16 -5.5074752671464334e-08
4.1000000000000015e-16 -5.599675255676197e-08
4.2000000000000017e-16 -5.689145242590875e-08
4.2000000000000017e-16 -5.778615229505552e-08
4.300000000000002e-16 -5.86504801525561e-08
4.300000000000002e-16 -5.9514808010056676e-08
4.400000000000002e-16 -6.034580677025939e-08
4.400000000000002e-16 -6.117680553046211e-08
4.500000000000002e-16 -6.197164916957812e-08
4.500000000000002e-16 -6.276649280869412e-08
4.600000000000002e-16 -6.35225019311434e-08
4.600000000000002e-16 -6.427851105359268e-08
4.700000000000001e-16 -6.499316778119165e-08
4.700000000000001e-16 -6.570782450879062e-08
4.800000000000001e-16 -6.637878660465045e-08
4.800000000000001e-16 -6.70497487005103e-08
4.900000000000001e-16 -6.767486284339702e-08
4.900000000000001e-16 -6.829997698628375e-08
5e-16 -6.887729111556956e-08
5e-16 -6.945460524485538e-08
5.1e-16 -6.99823799010573e-08
5.1e-16 -7.051015455725923e-08
5.2e-16 -7.098687314847054e-08
5.2e-16 -7.146359173968185e-08
5.299999999999999e-16 -7.188796966994329e-08
5.299999999999999e-16 -7.231234760020472e-08
5.399999999999999e-16 -7.268334020198977e-08
5.399999999999999e-16 -7.305433280377482e-08
5.499999999999999e-16 -7.337114202325717e-08
5.499999999999999e-16 -7.368795124273952e-08
5.599999999999998e-16 -7.395003103331378e-08
5.599999999999998e-16 -7.421211082388804e-08
5.699999999999998e-16 -7.441917121051765e-08
5.699999999999998e-16 -7.462623159714727e-08
5.799999999999998e-16 -7.477824138144751e-08
5.799999999999998e-16 -7.493025116574775e-08
5.899999999999997e-16 -7.502743924925537e-08
5.899999999999997e-16 -7.5124627332763e-08
5.999999999999997e-16 -7.516748264354775e-08
5.999999999999997e-16 -7.521033795433249e-08
6.099999999999997e-16 -7.519960796991893e-08
6.099999999999997e-16 -7.518887798550537e-08
6.199999999999996e-16 -7.512556585297031e-08
6.199999999999996e-16 -7.506225372043526e-08
6.299999999999996e-16 -7.494761398245839e-08
6.299999999999996e-16 -7.483297424448152e-08
6.399999999999996e-16 -7.466850718802529e-08
6.399999999999996e-16 -7.450404013156906e-08
6.499999999999995e-16 -7.429148478370102e-08
6.499999999999995e-16 -7.407892943583297e-08
6.599999999999995e-16 -7.382025523892434e-08
6.599999999999995e-16 -7.356158104201569e-08
6.699999999999994e-16 -7.325897824812464e-08
6.699999999999994e-16 -7.29563754542336e-08
6.799999999999994e-16 -7.261224428585371e-08
6.799999999999994e-16 -7.226811311747384e-08
6.899999999999994e-16 -7.188505174895979e-08
6.899999999999994e-16 -7.150199038044574e-08
6.999999999999993e-16 -7.108278180127972e-08
6.999999999999993e-16 -7.066357322211371e-08
7.099999999999993e-16 -7.021117104970719e-08
7.099999999999993e-16 -6.975876887730067e-08
7.199999999999993e-16 -6.927628219318606e-08
7.199999999999993e-16 -6.879379550907144e-08
7.299999999999992e-16 -6.828447279811942e-08
7.299999999999992e-16 -6.77751500871674e-08
7.399999999999992e-16 -6.724236236479486e-08
7.399999999999992e-16 -6.670957464242233e-08
7.499999999999992e-16 -6.615679785964081e-08
7.499999999999992e-16 -6.56040210768593e-08
7.599999999999991e-16 -6.503481789739212e-08
7.599999999999991e-16 -6.446561471792494e-08
7.699999999999991e-16 -6.388361576549213e-08
7.699999999999991e-16 -6.330161681305932e-08
7.799999999999991e-16 -6.271050149024682e-08
7.799999999999991e-16 -6.211938616743431e-08
7.89999999999999e-16 -6.152286315033134e-08
7.89999999999999e-16 -6.092634013322834e-08
7.99999999999999e-16 -6.032812764819063e-08
7.99999999999999e-16 -5.972991516315293e-08
8.09999999999999e-16 -5.913372115364109e-08
8.09999999999999e-16 -5.853752714412925e-08
8.199999999999989e-16 -5.794702943654721e-08
8.199999999999989e-16 -5.735653172896518e-08
8.299999999999989e-16 -5.6775358306796424e-08
8.299999999999989e-16 -5.6194184884627663e-08
8.399999999999989e-16 -5.562589437991442e-08
8.399999999999989e-16 -5.505760387520117e-08
8.499999999999988e-16 -5.450566638555087e-08
8.499999999999988e-16 -5.395372889590057e-08
8.599999999999988e-16 -5.342150723372251e-08
8.599999999999988e-16 -5.288928557154445e-08
8.699999999999988e-16 -5.2380017050133477e-08
8.699999999999988e-16 -5.1870748528722506e-08
8.799999999999987e-16 -5.138752738712657e-08
8.799999999999987e-16 -5.0904306245530634e-08
8.899999999999987e-16 -5.045006681086996e-08
8.899999999999987e-16 -4.999582737620929e-08
8.999999999999986e-16 -4.957332805828318e-08
8.999999999999986e-16 -4.915082874035707e-08
9.099999999999986e-16 -4.8762636948995525e-08
9.099999999999986e-16 -4.8374445157633976e-08
9.199999999999986e-16 -4.802292322834766e-08
9.199999999999986e-16 -4.767140129906134e-08
9.299999999999985e-16 -4.735869350714446e-08
9.299999999999985e-16 -4.7045985715227575e-08
9.399999999999985e-16 -4.677400645260123e-08
9.399999999999985e-16 -4.6502027189974886e-08
9.499999999999985e-16 -4.627245037275454e-08
9.499999999999985e-16 -4.60428735555342e-08
9.599999999999984e-16 -4.5857123323601726e-08
9.599999999999984e-16 -4.567137309166925e-08
9.699999999999984e-16 -4.553061585445996e-08
9.699999999999984e-16 -4.538985861725068e-08
9.799999999999984e-16 -4.5294996492572815e-08
9.799999999999984e-16 -4.520013436789495e-08
9.899999999999983e-16 -4.515180005291932e-08
9.899999999999983e-16 -4.510346573794369e-08
9.999999999999983e-16 -4.5102018843581806e-08
9.999999999999983e-16 -4.510057194921993e-08
1.0099999999999983e-15 -4.514609682099057e-08
1.0099999999999983e-15 -4.519162169276122e-08
1.0199999999999982e-15 -4.52839267329761e-08
1.0199999999999982e-15 -4.5376231773190984e-08
1.0299999999999982e-15 -4.5514850270914395e-08
1.0299999999999982e-15 -4.5653468768637813e-08
1.0399999999999982e-15 -4.583766123544231e-08
1.0399999999999982e-15 -4.602185370224681e-08
1.0499999999999981e-15 -4.625061170334203e-08
1.0499999999999981e-15 -4.647936970443724e-08
1.059999999999998e-15 -4.675142116634244e-08
1.059999999999998e-15 -4.702347262824764e-08
1.069999999999998e-15 -4.7337288595857286e-08
1.069999999999998e-15 -4.765110456346693e-08
1.079999999999998e-15 -4.8004907371168255e-08
1.079999999999998e-15 -4.835871017886958e-08
1.089999999999998e-15 -4.875048299236344e-08
1.089999999999998e-15 -4.9142255805857295e-08
1.099999999999998e-15 -4.9569753483547846e-08
1.099999999999998e-15 -4.99972511612384e-08
1.109999999999998e-15 -5.0458012376545074e-08
1.109999999999998e-15 -5.0918773591851756e-08
1.1199999999999979e-15 -5.1410134150597884e-08
1.1199999999999979e-15 -5.190149470934402e-08
1.1299999999999979e-15 -5.2420601989532336e-08
1.1299999999999979e-15 -5.2939709269720655e-08
1.1399999999999978e-15 -5.348353770455967e-08
1.1399999999999978e-15 -5.402736613939868e-08
1.1499999999999978e-15 -5.459273365843081e-08
1.1499999999999978e-15 -5.515810117746294e-08
1.1599999999999977e-15 -5.574168651510149e-08
1.1599999999999977e-15 -5.6325271852740044e-08
1.1699999999999977e-15 -5.692363262848113e-08
1.1699999999999977e-15 -5.752199340422222e-08
1.1799999999999977e-15 -5.813158487428982e-08
1.1799999999999977e-15 -5.8741176344357426e-08
1.1899999999999976e-15 -5.9358370720593706e-08
1.1899999999999976e-15 -5.997556509682998e-08
1.1999999999999976e-15 -6.059667132527532e-08
1.1999999999999976e-15 -6.121777755372066e-08
1.2099999999999976e-15 -6.183906144257745e-08
1.2099999999999976e-15 -6.246034533143425e-08
1.2199999999999975e-15 -6.307804991596626e-08
1.2199999999999975e-15 -6.369575450049827e-08
1.2299999999999975e-15 -6.430612053092714e-08
1.2299999999999975e-15 -6.4916486561356e-08
1.2399999999999975e-15 -6.551577299896314e-08
1.2399999999999975e-15 -6.611505943657027e-08
1.2499999999999974e-15 -6.669956384302036e-08
1.2499999999999974e-15 -6.728406824947046e-08
1.2599999999999974e-15 -6.785014695483514e-08
1.2599999999999974e-15 -6.841622566019982e-08
1.2699999999999974e-15 -6.89603135962818e-08
1.2699999999999974e-15 -6.950440153236379e-08
1.2799999999999973e-15 -7.00230316196971e-08
1.2799999999999973e-15 -7.054166170703039e-08
1.2899999999999973e-15 -7.10314836863468e-08
1.2899999999999973e-15 -7.152130566566321e-08
1.2999999999999973e-15 -7.197910426767158e-08
1.2999999999999973e-15 -7.243690286967994e-08
1.3099999999999972e-15 -7.28596152206695e-08
1.3099999999999972e-15 -7.328232757165907e-08
1.3199999999999972e-15 -7.366705973670805e-08
1.3199999999999972e-15 -7.405179190175704e-08
1.3299999999999972e-15 -7.439583447216489e-08
1.3299999999999972e-15 -7.473987704257275e-08
1.3399999999999971e-15 -7.504071967953074e-08
1.3399999999999971e-15 -7.534156231648874e-08
1.349999999999997e-15 -7.559690716890751e-08
1.349999999999997e-15 -7.585225202132629e-08
1.359999999999997e-15 -7.606002594214202e-08
1.359999999999997e-15 -7.626779986295775e-08
1.369999999999997e-15 -7.64261653550802e-08
1.369999999999997e-15 -7.658453084720263e-08
1.379999999999997e-15 -7.66918956775354e-08
1.379999999999997e-15 -7.679926050786815e-08
1.389999999999997e-15 -7.685428593545754e-08
1.389999999999997e-15 -7.690931136304694e-08
1.399999999999997e-15 -7.69109189353861e-08
1.399999999999997e-15 -7.691252650772524e-08
1.4099999999999969e-15 -7.685990338747237e-08
1.4099999999999969e-15 -7.680728026721951e-08
1.4199999999999968e-15 -7.669988306008589e-08
1.4199999999999968e-15 -7.659248585295228e-08
1.4299999999999968e-15 -7.643004291616732e-08
1.4299999999999968e-15 -7.626759997938235e-08
1.4399999999999968e-15 -7.605011219895928e-08
1.4399999999999968e-15 -7.583262441853623e-08
1.4499999999999967e-15 -7.55603644524523e-08
1.4499999999999967e-15 -7.52881044863684e-08
1.4599999999999967e-15 -7.496161447969299e-08
1.4599999999999967e-15 -7.46351244730176e-08
1.4699999999999967e-15 -7.425521225993635e-08
1.4699999999999967e-15 -7.387530004685508e-08
1.4799999999999966e-15 -7.344303386337603e-08
1.4799999999999966e-15 -7.301076767989698e-08
1.4899999999999966e-15 -7.252746941973195e-08
1.4899999999999966e-15 -7.204417115956692e-08
1.4999999999999966e-15 -7.151140821423562e-08
1.4999999999999966e-15 -7.097864526890433e-08
1.5099999999999965e-15 -7.039822100141632e-08
1.5099999999999965e-15 -6.981779673392832e-08
1.5199999999999965e-15 -6.919173964344288e-08
1.5199999999999965e-15 -6.856568255295745e-08
1.5299999999999965e-15 -6.789623419554624e-08
1.5299999999999965e-15 -6.722678583813505e-08
1.5399999999999964e-15 -6.651638757611823e-08
1.5399999999999964e-15 -6.580598931410143e-08
1.5499999999999964e-15 -6.505726797336726e-08
1.5499999999999964e-15 -6.430854663263308e-08
1.5599999999999964e-15 -6.352429915383624e-08
1.5599999999999964e-15 -6.274005167503939e-08
1.5699999999999963e-15 -6.192322885055597e-08
1.5699999999999963e-15 -6.110640602607256e-08
1.5799999999999963e-15 -6.026009542004673e-08
1.5799999999999963e-15 -5.9413784814020926e-08
1.5899999999999963e-15 -5.854119296772494e-08
1.5899999999999963e-15 -5.766860112142895e-08
1.5999999999999962e-15 -5.677303515045394e-08
1.5999999999999962e-15 -5.587746917947893e-08
1.6099999999999962e-15 -5.496231787293425e-08
1.6099999999999962e-15 -5.404716656638958e-08
1.6199999999999962e-15 -5.311588110132052e-08
1.6199999999999962e-15 -5.2184595636251466e-08
1.6299999999999961e-15 -5.124067002282607e-08
1.6299999999999961e-15 -5.029674440940067e-08
1.639999999999996e-15 -4.934369578409796e-08
1.639999999999996e-15 -4.8390647158795255e-08
1.649999999999996e-15 -4.7431996043797264e-08
1.649999999999996e-15 -4.647334492879927e-08
1.659999999999996e-15 -4.551259557606542e-08
1.659999999999996e-15 -4.455184622333157e-08
1.669999999999996e-15 -4.359246716140061e-08
1.669999999999996e-15 -4.263308809946965e-08
1.679999999999996e-15 -4.167849299989726e-08
1.679999999999996e-15 -4.0723897900324864e-08
1.689999999999996e-15 -3.977742687883193e-08
1.689999999999996e-15 -3.8830955857338997e-08
1.6999999999999959e-15 -3.7895857322208304e-08
1.6999999999999959e-15 -3.6960758787077604e-08
1.7099999999999958e-15 -3.6040171944141194e-08
1.7099999999999958e-15 -3.511958510120479e-08
1.7199999999999958e-15 -3.421652322088703e-08
1.7199999999999958e-15 -3.3313461340569277e-08
1.7299999999999958e-15 -3.2430795887955735e-08
1.7299999999999958e-15 -3.154813043534219e-08
1.7399999999999957e-15 -3.068857615911783e-08
1.7399999999999957e-15 -2.982902188289346e-08
1.7499999999999957e-15 -2.8995122953296194e-08
1.7499999999999957e-15 -2.8161224023698925e-08
1.7599999999999957e-15 -2.7355341303371704e-08
1.7599999999999957e-15 -2.6549458583044484e-08
1.7699999999999956e-15 -2.5773758107908883e-08
1.7699999999999956e-15 -2.499805763277328e-08
1.7799999999999958e-15 -2.4254500372791036e-08
1.7799999999999958e-15 -2.351094311280879e-08
1.789999999999996e-15 -2.280127607482429e-08
1.789999999999996e-15 -2.2091609036839787e-08
1.799999999999996e-15 -2.1417357763617527e-08
1.799999999999996e-15 -2.0743106490395264e-08
1.8099999999999963e-15 -2.0105569001559493e-08
1.8099999999999963e-15 -1.946803151272372e-08
1.8199999999999964e-15 -1.886827372460549e-08
1.8199999999999964e-15 -1.826851593648726e-08
1.8299999999999966e-15 -1.7707368588928326e-08
1.8299999999999966e-15 -1.714622124136939e-08
1.8399999999999968e-15 -1.6624278350407336e-08
1.8399999999999968e-15 -1.6102335459445277e-08
1.849999999999997e-15 -1.561995430553779e-08
1.849999999999997e-15 -1.5137573151630302e-08
1.859999999999997e-15 -1.4694875803718303e-08
1.859999999999997e-15 -1.4252178455806306e-08
1.8699999999999973e-15 -1.3849054822167178e-08
1.8699999999999973e-15 -1.344593118852805e-08
1.8799999999999974e-15 -1.3082043576011941e-08
1.8799999999999974e-15 -1.2718155963495832e-08
1.8899999999999976e-15 -1.2392945117511354e-08
1.8899999999999976e-15 -1.2067734271526876e-08
1.8999999999999977e-15 -1.1780426860023806e-08
1.8999999999999977e-15 -1.1493119448520735e-08
1.909999999999998e-15 -1.1242736944329664e-08
1.909999999999998e-15 -1.0992354440138592e-08
1.919999999999998e-15 -1.0777723347360937e-08
1.919999999999998e-15 -1.0563092254583283e-08
1.9299999999999982e-15 -1.0382855616397767e-08
1.9299999999999982e-15 -1.0202618978212251e-08
1.9399999999999984e-15 -1.0055249095454935e-08
1.9399999999999984e-15 -9.907879212697619e-09
1.9499999999999986e-15 -9.791691495003535e-09
1.9499999999999986e-15 -9.675503777309452e-09
1.9599999999999987e-15 -9.588671641452186e-09
1.9599999999999987e-15 -9.50183950559492e-09
1.969999999999999e-15 -9.442410229037182e-09
1.969999999999999e-15 -9.382980952479446e-09
1.979999999999999e-15 -9.348892384009176e-09
1.979999999999999e-15 -9.314803815538908e-09
1.9899999999999992e-15 -9.303901839364478e-09
1.9899999999999992e-15 -9.292999863190048e-09
1.9999999999999994e-15 -9.303056507900704e-09
1.9999999999999994e-15 -9.313113152611359e-09
2.0099999999999995e-15 -9.34184523213847e-09
2.0099999999999995e-15 -9.37057731166558e-09
2.0199999999999997e-15 -9.415665481735456e-09
2.0199999999999997e-15 -9.460753651805333e-09
2.03e-15 -9.5198617624264e-09
2.03e-15 -9.578969873047469e-09
2.04e-15 -9.649764495343028e-09
2.04e-15 -9.720559117638588e-09
2.05e-15 -9.800729121796508e-09
2.05e-15 -9.880899125954426e-09
2.0600000000000003e-15 -9.968175186293994e-09
2.0600000000000003e-15 -1.0055451246633562e-08
2.0700000000000005e-15 -1.0147625149710796e-08
2.0700000000000005e-15 -1.023979905278803e-08
2.0800000000000007e-15 -1.0334742685167123e-08
2.0800000000000007e-15 -1.0429686317546215e-08
2.090000000000001e-15 -1.0525370211263095e-08
2.090000000000001e-15 -1.0621054104979975e-08
2.100000000000001e-15 -1.0715565420884033e-08
2.100000000000001e-15 -1.0810076736788089e-08
2.110000000000001e-15 -1.0901636568811152e-08
2.110000000000001e-15 -1.0993196400834216e-08
2.1200000000000013e-15 -1.1080176287803007e-08
2.1200000000000013e-15 -1.11671561747718e-08
2.1300000000000015e-15 -1.124809371063725e-08
2.1300000000000015e-15 -1.13290312465027e-08
2.1400000000000016e-15 -1.1402644684768783e-08
2.1400000000000016e-15 -1.1476258123034865e-08
2.150000000000002e-15 -1.154145987671708e-08
2.150000000000002e-15 -1.1606661630399293e-08
2.160000000000002e-15 -1.1662570574993356e-08
2.160000000000002e-15 -1.1718479519587419e-08
2.170000000000002e-15 -1.1764432013240558e-08
2.170000000000002e-15 -1.1810384506893698e-08
2.1800000000000023e-15 -1.1845944049218654e-08
2.1800000000000023e-15 -1.188150359154361e-08
2.1900000000000025e-15 -1.1906469050249836e-08
2.1900000000000025e-15 -1.193143450895606e-08
2.2000000000000026e-15 -1.1945846851648453e-08
2.2000000000000026e-15 -1.1960259194340845e-08
2.2100000000000028e-15 -1.1964406671415696e-08
2.2100000000000028e-15 -1.196855414849055e-08
2.220000000000003e-15 -1.196297588198384e-08
2.220000000000003e-15 -1.1957397615477132e-08
2.230000000000003e-15 -1.194288555794438e-08
2.230000000000003e-15 -1.192837350041163e-08
2.2400000000000033e-15 -1.1905972737390556e-08
2.2400000000000033e-15 -1.1883571974369481e-08
2.2500000000000034e-15 -1.1854579353634602e-08
2.2500000000000034e-15 -1.1825586732899723e-08
2.2600000000000036e-15 -1.1791547813522739e-08
2.2600000000000036e-15 -1.1757508894145754e-08
2.2700000000000038e-15 -1.1720213218247034e-08
2.2700000000000038e-15 -1.1682917542348313e-08
2.280000000000004e-15 -1.1644392242330458e-08
2.280000000000004e-15 -1.1605866942312602e-08
2.290000000000004e-15 -1.1568368706232068e-08
2.290000000000004e-15 -1.1530870470151536e-08
2.3000000000000042e-15 -1.1496875897663496e-08
2.3000000000000042e-15 -1.1462881325175459e-08
2.3100000000000044e-15 -1.143507571611508e-08
2.3100000000000044e-15 -1.14072701070547e-08
2.3200000000000046e-15 -1.1388534734146544e-08
2.3200000000000046e-15 -1.1369799361238388e-08
2.3300000000000047e-15 -1.1363197287595562e-08
2.3300000000000047e-15 -1.1356595213952736e-08
2.340000000000005e-15 -1.1365355724887327e-08
2.340000000000005e-15 -1.1374116235821919e-08
2.350000000000005e-15 -1.1401617962986042e-08
2.350000000000005e-15 -1.1429119690150168e-08
2.3600000000000052e-15 -1.1478872514113786e-08
2.3600000000000052e-15 -1.1528625338077406e-08
2.3700000000000054e-15 -1.1604251163077028e-08
2.3700000000000054e-15 -1.167987698807665e-08
2.3800000000000055e-15 -1.1785089489793403e-08
2.3800000000000055e-15 -1.1890301991510157e-08
2.3900000000000057e-15 -1.20288854453156e-08
2.3900000000000057e-15 -1.2167468899121042e-08
2.400000000000006e-15 -1.2343256202223748e-08
2.400000000000006e-15 -1.2519043505326454e-08
2.410000000000006e-15 -1.2735893511628083e-08
2.410000000000006e-15 -1.2952743517929713e-08
2.420000000000006e-15 -1.3214517809121592e-08
2.420000000000006e-15 -1.347629210031347e-08
2.4300000000000064e-15 -1.378683132078855e-08
2.4300000000000064e-15 -1.4097370541263631e-08
2.4400000000000065e-15 -1.446047042775451e-08
2.4400000000000065e-15 -1.482357031424539e-08
2.4500000000000067e-15 -1.5242957553709195e-08
2.4500000000000067e-15 -1.5662344793173003e-08
2.460000000000007e-15 -1.6141652844314175e-08
2.460000000000007e-15 -1.6620960895455347e-08
2.470000000000007e-15 -1.7163705910384423e-08
2.470000000000007e-15 -1.7706450925313503e-08
2.480000000000007e-15 -1.8316007908192537e-08
2.480000000000007e-15 -1.892556489107157e-08
2.4900000000000073e-15 -1.9605144230172785e-08
2.4900000000000073e-15 -2.0284723569274003e-08
2.5000000000000075e-15 -2.103734807768934e-08
2.5000000000000075e-15 -2.1789972586104676e-08
2.5100000000000077e-15 -2.2618455184396555e-08
2.5100000000000077e-15 -2.344693778268843e-08
2.520000000000008e-15 -2.435385995405837e-08
2.520000000000008e-15 -2.5260782125428315e-08
2.530000000000008e-15 -2.624847327053983e-08
2.530000000000008e-15 -2.7236164415651352e-08
2.540000000000008e-15 -2.8306682230065264e-08
2.540000000000008e-15 -2.9377200044479172e-08
2.5500000000000083e-15 -3.0532312036789664e-08
2.5500000000000083e-15 -3.1687424029100155e-08
2.5600000000000085e-15 -3.292859029230876e-08
2.5600000000000085e-15 -3.4169756555517356e-08
2.5700000000000086e-15 -3.5498113897980197e-08
2.5700000000000086e-15 -3.6826471240443044e-08
2.5800000000000088e-15 -3.824281877591879e-08
2.5800000000000088e-15 -3.9659166311394535e-08
2.590000000000009e-15 -4.1163952600325e-08
2.590000000000009e-15 -4.266873888925546e-08
2.600000000000009e-15 -4.426205071548794e-08
2.600000000000009e-15 -4.5855362541720417e-08
2.6100000000000093e-15 -4.753691540045198e-08
2.6100000000000093e-15 -4.9218468259183533e-08
2.6200000000000094e-15 -5.098759862303955e-08
2.6200000000000094e-15 -5.2756728986895563e-08
2.6300000000000096e-15 -5.461238840778524e-08
2.6300000000000096e-15 -5.646804782867492e-08
2.6400000000000098e-15 -5.840879892343709e-08
2.6400000000000098e-15 -6.034955001819926e-08
2.65000000000001e-15 -6.237356437614504e-08
2.65000000000001e-15 -6.43975787340908e-08
2.66000000000001e-15 -6.650263677438338e-08
2.66000000000001e-15 -6.860769481467595e-08
2.6700000000000103e-15 -7.07911876111508e-08
2.6700000000000103e-15 -7.297468040762563e-08
2.6800000000000104e-15 -7.523361348817832e-08
2.6800000000000104e-15 -7.749254656873101e-08
2.6900000000000106e-15 -7.98235456858602e-08
2.6900000000000106e-15 -8.215454480298938e-08
2.7000000000000107e-15 -8.4553863661536e-08
2.7000000000000107e-15 -8.695318252008262e-08
2.710000000000011e-15 -8.941671243769378e-08
2.710000000000011e-15 -9.188024235530495e-08
2.720000000000011e-15 -9.44035238207714e-08
2.720000000000011e-15 -9.692680528623784e-08
2.7300000000000112e-15 -9.95050413706009e-08
2.7300000000000112e-15 -1.0208327745496396e-07
2.7400000000000114e-15 -1.047113490202985e-07
2.7400000000000114e-15 -1.0733942058563303e-07
2.7500000000000116e-15 -1.1001190322667037e-07
2.7500000000000116e-15 -1.1268438586770772e-07
2.7600000000000117e-15 -1.1539556851207209e-07
2.7600000000000117e-15 -1.1810675115643647e-07
2.770000000000012e-15 -1.2085065624025094e-07
2.770000000000012e-15 -1.235945613240654e-07
2.780000000000012e-15 -1.2636496645111346e-07
2.780000000000012e-15 -1.291353715781615e-07
2.7900000000000122e-15 -1.3192583256269575e-07
2.7900000000000122e-15 -1.3471629354723e-07
2.8000000000000124e-15 -1.3752016873295058e-07
2.8000000000000124e-15 -1.4032404391867119e-07
2.8100000000000125e-15 -1.4313451965943169e-07
2.8100000000000125e-15 -1.459449954001922e-07
2.8200000000000127e-15 -1.4875511258157697e-07
2.8200000000000127e-15 -1.5156522976296173e-07
2.830000000000013e-15 -1.5436791123817912e-07
2.830000000000013e-15 -1.5717059271339653e-07
2.840000000000013e-15 -1.599586715218638e-07
2.840000000000013e-15 -1.6274675033033108e-07
2.850000000000013e-15 -1.6551299856298018e-07
2.850000000000013e-15 -1.6827924679562928e-07
2.8600000000000133e-15 -1.7101640496735812e-07
2.8600000000000133e-15 -1.7375356313908695e-07
2.8700000000000135e-15 -1.764543699259082e-07
2.8700000000000135e-15 -1.7915517671272944e-07
2.8800000000000137e-15 -1.818123989090734e-07
2.8800000000000137e-15 -1.8446962110541736e-07
2.890000000000014e-15 -1.8707608365572932e-07
2.890000000000014e-15 -1.8968254620604125e-07
2.900000000000014e-15 -1.922311621642708e-07
2.900000000000014e-15 -1.9477977812250033e-07
2.910000000000014e-15 -1.9726357839332816e-07
2.910000000000014e-15 -1.9974737866415596e-07
2.9200000000000143e-15 -2.0215954138084847e-07
2.9200000000000143e-15 -2.0457170409754098e-07
2.9300000000000145e-15 -2.069055834931221e-07
2.9300000000000145e-15 -2.0923946288870323e-07
2.9400000000000146e-15 -2.1148861751970594e-07
2.9400000000000146e-15 -2.1373777215070863e-07
2.950000000000015e-15 -2.1589599233610396e-07
2.950000000000015e-15 -2.1805421252149926e-07
2.960000000000015e-15 -2.2011554686344652e-07
2.960000000000015e-15 -2.2217688120539377e-07
2.970000000000015e-15 -2.241356620632181e-07
2.970000000000015e-15 -2.260944429210424e-07
2.9800000000000153e-15 -2.2794531071528156e-07
2.9800000000000153e-15 -2.2979617850952072e-07
2.9900000000000155e-15 -2.3153410473896554e-07
2.9900000000000155e-15 -2.3327203096841036e-07
3.0000000000000156e-15 -2.348923398297598e-07
3.0000000000000156e-15 -2.365126486911092e-07
3.0100000000000158e-15 -2.380110371981127e-07
3.0100000000000158e-15 -2.3950942570511616e-07
3.020000000000016e-15 -2.408819822118858e-07
3.020000000000016e-15 -2.4225453871865535e-07
3.030000000000016e-15 -2.434977597600736e-07
3.030000000000016e-15 -2.4474098080149176e-07
3.0400000000000163e-15 -2.458517861724045e-07
3.0400000000000163e-15 -2.469625915433173e-07
3.0500000000000164e-15 -2.479383375472297e-07
3.0500000000000164e-15 -2.4891408355114217e-07
3.0600000000000166e-15 -2.497525743586335e-07
3.0600000000000166e-15 -2.5059106516612473e-07
3.0700000000000168e-15 -2.5129056223286164e-07
3.0700000000000168e-15 -2.5199005929959854e-07
3.080000000000017e-15 -2.525492888037875e-07
3.080000000000017e-15 -2.531085183079765e-07
3.090000000000017e-15 -2.535266765772071e-07
3.090000000000017e-15 -2.5394483484643766e-07
3.1000000000000172e-15 -2.5422159175405023e-07
3.1000000000000172e-15 -2.544983486616628e-07
3.1100000000000174e-15 -2.5463384898312195e-07
3.1100000000000174e-15 -2.547693493045811e-07
3.1200000000000176e-15 -2.5476421203452365e-07
3.1200000000000176e-15 -2.547590747644662e-07
3.1300000000000177e-15 -2.546143904053841e-07
3.1300000000000177e-15 -2.5446970604630207e-07
3.140000000000018e-15 -2.541870318898772e-07
3.140000000000018e-15 -2.5390435773345233e-07
3.150000000000018e-15 -2.534857111655223e-07
3.150000000000018e-15 -2.5306706459759225e-07
3.1600000000000182e-15 -2.525149144674116e-07
3.1600000000000182e-15 -2.5196276433723093e-07
3.1700000000000184e-15 -2.5128002044116846e-07
3.1700000000000184e-15 -2.50597276545106e-07
3.1800000000000185e-15 -2.4978727728398747e-07
3.1800000000000185e-15 -2.48977278022869e-07
3.1900000000000187e-15 -2.4804377630095904e-07
3.1900000000000187e-15 -2.4711027457904907e-07
3.200000000000019e-15 -2.460574220209587e-07
3.200000000000019e-15 -2.4500456946286834e-07
3.210000000000019e-15 -2.4383689903255764e-07
3.210000000000019e-15 -2.42669228602247e-07
3.220000000000019e-15 -2.413916357156402e-07
3.220000000000019e-15 -2.4011404282903344e-07
3.2300000000000194e-15 -2.387317650586228e-07
3.2300000000000194e-15 -2.3734948728821213e-07
3.2400000000000195e-15 -2.358680827642404e-07
3.2400000000000195e-15 -2.3438667824026872e-07
3.2500000000000197e-15 -2.3281200285877276e-07
3.2500000000000197e-15 -2.3123732747727677e-07
3.26000000000002e-15 -2.295755110303104e-07
3.26000000000002e-15 -2.27913694583344e-07
3.27000000000002e-15 -2.261711159310552e-07
3.27000000000002e-15 -2.244285372787664e-07
3.28000000000002e-15 -2.2261179868675323e-07
3.28000000000002e-15 -2.2079506009474007e-07
3.2900000000000203e-15 -2.1891096086314458e-07
3.2900000000000203e-15 -2.170268616315491e-07
3.3000000000000205e-15 -2.1508237114468325e-07
3.3000000000000205e-15 -2.1313788065781738e-07
3.3100000000000207e-15 -2.1114011098477162e-07
3.3100000000000207e-15 -2.0914234131172589e-07
3.320000000000021e-15 -2.0709851948938376e-07
3.320000000000021e-15 -2.0505469766704161e-07
3.330000000000021e-15 -2.0297213779714823e-07
3.330000000000021e-15 -2.0088957792725485e-07
3.340000000000021e-15 -1.9877565321873815e-07
3.340000000000021e-15 -1.9666172851022145e-07
3.3500000000000213e-15 -1.9452384339689213e-07
3.3500000000000213e-15 -1.923859582835628e-07
3.3600000000000215e-15 -1.9023152074543549e-07
3.3600000000000215e-15 -1.8807708320730817e-07
3.3700000000000216e-15 -1.8591347742142217e-07
3.3700000000000216e-15 -1.837498716355362e-07
3.3800000000000218e-15 -1.8158443107898164e-07
3.3800000000000218e-15 -1.7941899052242707e-07
3.390000000000022e-15 -1.7725897164663209e-07
3.390000000000022e-15 -1.7509895277083713e-07
3.400000000000022e-15 -1.7295150936185157e-07
3.400000000000022e-15 -1.70804065952866e-07
3.4100000000000223e-15 -1.6867622428753313e-07
3.4100000000000223e-15 -1.6654838262220025e-07
3.4200000000000224e-15 -1.6444701752473818e-07
3.4200000000000224e-15 -1.623456524272761e-07
3.4300000000000226e-15 -1.602774643249002e-07
3.4300000000000226e-15 -1.582092762225243e-07
3.4400000000000228e-15 -1.5618076929243677e-07
3.4400000000000228e-15 -1.5415226236234925e-07
3.450000000000023e-15 -1.5216972385567403e-07
3.450000000000023e-15 -1.501871853489988e-07
3.460000000000023e-15 -1.4825666617011596e-07
3.460000000000023e-15 -1.463261469912331e-07
3.4700000000000233e-15 -1.4445344360350899e-07
3.4700000000000233e-15 -1.425807402157849e-07
3.4800000000000234e-15 -1.4077137793697676e-07
3.4800000000000234e-15 -1.389620156581686e-07
3.4900000000000236e-15 -1.3722123340074998e-07
3.4900000000000236e-15 -1.3548045114333133e-07
3.5000000000000237e-15 -1.338131876468469e-07
3.5000000000000237e-15 -1.3214592415036244e-07
3.510000000000024e-15 -1.3055680574451684e-07
3.510000000000024e-15 -1.2896768733867124e-07
3.520000000000024e-15 -1.274610172674605e-07
3.520000000000024e-15 -1.2595434719624973e-07
3.5300000000000242e-15 -1.2453409652488845e-07
3.5300000000000242e-15 -1.2311384585352717e-07
3.5400000000000244e-15 -1.217836459714138e-07
3.5400000000000244e-15 -1.2045344608930038e-07
3.5500000000000246e-15 -1.1921658281377123e-07
3.5500000000000246e-15 -1.1797971953824205e-07
3.560000000000025e-15 -1.1683912881541786e-07
3.560000000000025e-15 -1.1569853809259367e-07
3.5700000000000245e-15 -1.146568032833533e-07
3.5700000000000245e-15 -1.1361506847411294e-07
3.580000000000024e-15 -1.1267441920507445e-07
3.580000000000024e-15 -1.1173376993603598e-07
3.590000000000024e-15 -1.1089608248750204e-07
3.590000000000024e-15 -1.1005839503896812e-07
3.600000000000024e-15 -1.0932519423411888e-07
3.600000000000024e-15 -1.0859199342926967e-07
3.6100000000000236e-15 -1.0796445598148684e-07
3.6100000000000236e-15 -1.0733691853370402e-07
3.620000000000023e-15 -1.0681587780185198e-07
3.620000000000023e-15 -1.0629483706999996e-07
3.630000000000023e-15 -1.0588078916477795e-07
3.630000000000023e-15 -1.0546674125955595e-07
3.640000000000023e-15 -1.0515985243772965e-07
3.640000000000023e-15 -1.0485296361590336e-07
3.650000000000023e-15 -1.0465307889333212e-07
3.650000000000023e-15 -1.0445319417076087e-07
3.6600000000000224e-15 -1.0435984707971185e-07
3.6600000000000224e-15 -1.0426649998866285e-07
3.670000000000022e-15 -1.0427892339994616e-07
3.670000000000022e-15 -1.0429134681122945e-07
3.680000000000022e-15 -1.0440848473724128e-07
3.680000000000022e-15 -1.045256226632531e-07
3.690000000000022e-15 -1.0474614295409128e-07
3.690000000000022e-15 -1.0496666324492946e-07
3.7000000000000215e-15 -1.0528897108636047e-07
3.7000000000000215e-15 -1.0561127892779147e-07
3.710000000000021e-15 -1.0603353104702494e-07
3.710000000000021e-15 -1.0645578316625842e-07
3.720000000000021e-15 -1.0697590264922786e-07
3.720000000000021e-15 -1.074960221321973e-07
3.730000000000021e-15 -1.0811171375436402e-07
3.730000000000021e-15 -1.0872740537653075e-07
3.7400000000000205e-15 -1.0943617134813897e-07
3.7400000000000205e-15 -1.101449373197472e-07
3.75000000000002e-15 -1.1094409334594059e-07
3.75000000000002e-15 -1.1174324937213397e-07
3.76000000000002e-15 -1.1262994092842731e-07
3.76000000000002e-15 -1.1351663248472064e-07
3.77000000000002e-15 -1.1448785120897445e-07
3.77000000000002e-15 -1.1545906993322825e-07
3.78000000000002e-15 -1.1651167003651188e-07
3.78000000000002e-15 -1.1756427013979552e-07
3.790000000000019e-15 -1.1869498474032133e-07
3.790000000000019e-15 -1.1982569934084711e-07
3.800000000000019e-15 -1.2103115662751568e-07
3.800000000000019e-15 -1.2223661391418425e-07
3.810000000000019e-15 -1.2351335304916453e-07
3.810000000000019e-15 -1.2479009218414481e-07
3.820000000000019e-15 -1.261345788573358e-07
3.820000000000019e-15 -1.2747906553052678e-07
3.8300000000000185e-15 -1.2888770708263667e-07
3.8300000000000185e-15 -1.3029634863474657e-07
3.840000000000018e-15 -1.3176550867012859e-07
3.840000000000018e-15 -1.332346687055106e-07
3.850000000000018e-15 -1.3476068112069675e-07
3.850000000000018e-15 -1.362866935358829e-07
3.860000000000018e-15 -1.3786587589502567e-07
3.860000000000018e-15 -1.3944505825416842e-07
3.8700000000000175e-15 -1.4107372444821713e-07
3.8700000000000175e-15 -1.4270239064226584e-07
3.880000000000017e-15 -1.4437686277468093e-07
3.880000000000017e-15 -1.46051334907096e-07
3.890000000000017e-15 -1.4776795435522595e-07
3.890000000000017e-15 -1.4948457380335586e-07
3.900000000000017e-15 -1.512397114111459e-07
3.900000000000017e-15 -1.5299484901893599e-07
3.9100000000000166e-15 -1.5478491438347336e-07
3.9100000000000166e-15 -1.565749797480107e-07
3.920000000000016e-15 -1.583964295694202e-07
3.920000000000016e-15 -1.602178793908297e-07
3.930000000000016e-15 -1.6206722486218214e-07
3.930000000000016e-15 -1.6391657033353458e-07
3.940000000000016e-15 -1.657903835547248e-07
3.940000000000016e-15 -1.6766419677591504e-07
3.950000000000016e-15 -1.6955911618280717e-07
3.950000000000016e-15 -1.714540355896993e-07
3.9600000000000154e-15 -1.7336677039718405e-07
3.9600000000000154e-15 -1.752795052046688e-07
3.970000000000015e-15 -1.77206838869636e-07
3.970000000000015e-15 -1.7913417253460319e-07
3.980000000000015e-15 -1.8107296525210117e-07
3.980000000000015e-15 -1.8301175796959913e-07
3.990000000000015e-15 -1.8495894822259116e-07
3.990000000000015e-15 -1.8690613847558318e-07
4.0000000000000145e-15 -1.8885874366572558e-07
4.0000000000000145e-15 -1.90811348855868e-07
4.010000000000014e-15 -1.9276646504949948e-07
4.010000000000014e-15 -1.94721581243131e-07
4.020000000000014e-15 -1.9667638207324248e-07
4.020000000000014e-15 -1.9863118290335397e-07
4.030000000000014e-15 -2.0058291767448734e-07
4.030000000000014e-15 -2.0253465244562074e-07
4.0400000000000136e-15 -2.044806434946477e-07
4.0400000000000136e-15 -2.0642663454367466e-07
4.050000000000013e-15 -2.0836427391485322e-07
4.050000000000013e-15 -2.103019132860318e-07
4.060000000000013e-15 -2.1222865878396114e-07
4.060000000000013e-15 -2.1415540428189048e-07
4.070000000000013e-15 -2.160687749705891e-07
4.070000000000013e-15 -2.1798214565928772e-07
4.080000000000013e-15 -2.1987971687989373e-07
4.080000000000013e-15 -2.2177728810049974e-07
4.0900000000000124e-15 -2.236566860837303e-07
4.0900000000000124e-15 -2.2553608406696082e-07
4.100000000000012e-15 -2.2739498021968968e-07
4.100000000000012e-15 -2.2925387637241855e-07
4.110000000000012e-15 -2.310899813202687e-07
4.110000000000012e-15 -2.329260862681188e-07
4.120000000000012e-15 -2.3473714373803795e-07
4.120000000000012e-15 -2.3654820120795707e-07
4.1300000000000115e-15 -2.3833198183611507e-07
4.1300000000000115e-15 -2.4011576246427304e-07
4.140000000000011e-15 -2.4187005761547143e-07
4.140000000000011e-15 -2.4362435276666976e-07
4.150000000000011e-15 -2.453469684515834e-07
4.150000000000011e-15 -2.4706958413649706e-07
4.160000000000011e-15 -2.487583351126588e-07
4.160000000000011e-15 -2.5044708608882044e-07
4.1700000000000106e-15 -2.520997902301439e-07
4.1700000000000106e-15 -2.5375249437146736e-07
4.18000000000001e-15 -2.553669673894069e-07
4.18000000000001e-15 -2.5698144040734645e-07
4.19000000000001e-15 -2.585554910044479e-07
4.19000000000001e-15 -2.601295416015493e-07
4.20000000000001e-15 -2.6166096713516257e-07
4.20000000000001e-15 -2.631923926687758e-07
4.21000000000001e-15 -2.6467897539919514e-07
4.21000000000001e-15 -2.6616555812961445e-07
4.2200000000000094e-15 -2.67605062122704e-07
4.2200000000000094e-15 -2.690445661157935e-07
4.230000000000009e-15 -2.704347348654928e-07
4.230000000000009e-15 -2.718249036151921e-07
4.240000000000009e-15 -2.731634584460615e-07
4.240000000000009e-15 -2.745020132769309e-07
4.250000000000009e-15 -2.757866525810946e-07
4.250000000000009e-15 -2.770712918852584e-07
4.2600000000000085e-15 -2.7829969124195416e-07
4.2600000000000085e-15 -2.7952809059865e-07
4.270000000000008e-15 -2.8069790381788785e-07
4.270000000000008e-15 -2.8186771703712577e-07
4.280000000000008e-15 -2.829765781619421e-07
4.280000000000008e-15 -2.840854392867585e-07
4.290000000000008e-15 -2.851309655811165e-07
4.290000000000008e-15 -2.861764918754745e-07
4.3000000000000076e-15 -2.871562878171829e-07
4.3000000000000076e-15 -2.8813608375889124e-07
4.310000000000007e-15 -2.890477460489531e-07
4.310000000000007e-15 -2.899594083390149e-07
4.320000000000007e-15 -2.908005319306147e-07
4.320000000000007e-15 -2.9164165552221456e-07
4.330000000000007e-15 -2.924098406642674e-07
4.330000000000007e-15 -2.931780258063202e-07
4.340000000000007e-15 -2.9387088608807783e-07
4.340000000000007e-15 -2.945637463698355e-07
4.350000000000006e-15 -2.9517891774457644e-07
4.350000000000006e-15 -2.957940891193174e-07
4.360000000000006e-15 -2.9632923987668545e-07
4.360000000000006e-15 -2.9686439063405357e-07
4.370000000000006e-15 -2.97317232282323e-07
4.370000000000006e-15 -2.977700739305925e-07
4.380000000000006e-15 -2.981383729417456e-07
4.380000000000006e-15 -2.9850667195289876e-07
4.3900000000000055e-15 -2.987882623155126e-07
4.3900000000000055e-15 -2.9906985267812646e-07
4.400000000000005e-15 -2.9926264919513285e-07
4.400000000000005e-15 -2.994554457121393e-07
4.410000000000005e-15 -2.995574579730903e-07
4.410000000000005e-15 -2.996594702340413e-07
4.420000000000005e-15 -2.9966881718430773e-07
4.420000000000005e-15 -2.9967816413457416e-07
4.4300000000000045e-15 -2.9959308915720294e-07
4.4300000000000045e-15 -2.995080141798318e-07
4.440000000000004e-15 -2.993269005994891e-07
4.440000000000004e-15 -2.991457870191465e-07
4.450000000000004e-15 -2.988671739317646e-07
4.450000000000004e-15 -2.9858856084438273e-07
4.460000000000004e-15 -2.982111591709758e-07
4.460000000000004e-15 -2.978337574975689e-07
4.470000000000004e-15 -2.9735646615597434e-07
4.470000000000004e-15 -2.968791748143798e-07
4.480000000000003e-15 -2.9630109689873947e-07
4.480000000000003e-15 -2.957230189830992e-07
4.490000000000003e-15 -2.9504347783757263e-07
4.490000000000003e-15 -2.9436393669204607e-07
4.500000000000003e-15 -2.935824917625763e-07
4.500000000000003e-15 -2.9280104683310657e-07
4.510000000000003e-15 -2.919175091792013e-07
4.510000000000003e-15 -2.91033971525296e-07
4.5200000000000024e-15 -2.9004841887265724e-07
4.5200000000000024e-15 -2.8906286622001844e-07
4.530000000000002e-15 -2.879756574344365e-07
4.530000000000002e-15 -2.868884486488546e-07
4.540000000000002e-15 -2.8570023751216645e-07
4.540000000000002e-15 -2.845120263754783e-07
4.550000000000002e-15 -2.83223774545706e-07
4.550000000000002e-15 -2.819355227159337e-07
4.5600000000000015e-15 -2.8054851175552687e-07
4.5600000000000015e-15 -2.7916150079512005e-07
4.570000000000001e-15 -2.776773431541509e-07
4.570000000000001e-15 -2.7619318551318174e-07
4.580000000000001e-15 -2.7461383435782185e-07
4.580000000000001e-15 -2.730344832024619e-07
4.590000000000001e-15 -2.713622409834458e-07
4.590000000000001e-15 -2.6968999876442963e-07
4.6000000000000006e-15 -2.6792752442524946e-07
4.6000000000000006e-15 -2.661650500860693e-07
4.61e-15 -2.6431536481652355e-07
4.61e-15 -2.624656795469778e-07
4.62e-15 -2.6053217099417835e-07
4.62e-15 -2.5859866244137883e-07
4.63e-15 -2.56585087297515e-07
4.63e-15 -2.5457151215365116e-07
4.64e-15 -2.524819970477001e-07
4.64e-15 -2.503924819417491e-07
4.6499999999999994e-15 -2.4823152257069497e-07
4.6499999999999994e-15 -2.4607056319964086e-07
4.659999999999999e-15 -2.4384302164377134e-07
4.659999999999999e-15 -2.416154800879019e-07
4.669999999999999e-15 -2.3932658026425993e-07
4.669999999999999e-15 -2.3703768044061803e-07
4.679999999999999e-15 -2.3469300165857664e-07
4.679999999999999e-15 -2.3234832287653528e-07
4.6899999999999985e-15 -2.2995379146987194e-07
4.6899999999999985e-15 -2.275592600632086e-07
4.699999999999998e-15 -2.2512113908363688e-07
4.699999999999998e-15 -2.2268301810406517e-07
4.709999999999998e-15 -2.2020789507220193e-07
4.709999999999998e-15 -2.177327720403387e-07
4.719999999999998e-15 -2.1522754476121097e-07
4.719999999999998e-15 -2.1272231748208327e-07
4.7299999999999976e-15 -2.101941779435825e-07
4.7299999999999976e-15 -2.0766603840508168e-07
4.739999999999997e-15 -2.0512245478915972e-07
4.739999999999997e-15 -2.0257887117323776e-07
4.749999999999997e-15 -2.0002756802105485e-07
4.749999999999997e-15 -1.974762648688719e-07
4.759999999999997e-15 -1.949252014524031e-07
4.759999999999997e-15 -1.9237413803593428e-07
4.769999999999997e-15 -1.898314849997978e-07
4.769999999999997e-15 -1.872888319636613e-07
4.7799999999999964e-15 -1.847629463119157e-07
4.7799999999999964e-15 -1.8223706066017007e-07
4.789999999999996e-15 -1.7973645917360646e-07
4.789999999999996e-15 -1.7723585768704282e-07
4.799999999999996e-15 -1.747691888668822e-07
4.799999999999996e-15 -1.723025200467216e-07
4.809999999999996e-15 -1.698785346907105e-07
4.809999999999996e-15 -1.6745454933469937e-07
4.8199999999999955e-15 -1.6508206986109222e-07
4.8199999999999955e-15 -1.627095903874851e-07
4.829999999999995e-15 -1.603974790314994e-07
4.829999999999995e-15 -1.5808536767551374e-07
4.839999999999995e-15 -1.5584249369126824e-07
4.839999999999995e-15 -1.535996197070227e-07
4.849999999999995e-15 -1.514348257157898e-07
4.849999999999995e-15 -1.4927003172455687e-07
4.8599999999999946e-15 -1.4719209935730724e-07
4.8599999999999946e-15 -1.4511416699005762e-07
4.869999999999994e-15 -1.4313178197862035e-07
4.869999999999994e-15 -1.4114939696718308e-07
4.879999999999994e-15 -1.392711138439698e-07
4.879999999999994e-15 -1.3739283072075652e-07
4.889999999999994e-15 -1.3562703729174978e-07
4.889999999999994e-15 -1.3386124386274304e-07
4.899999999999994e-15 -1.3221612562235137e-07
4.899999999999994e-15 -1.305710073819597e-07
4.9099999999999934e-15 -1.2905451204131955e-07
4.9099999999999934e-15 -1.2753801670067944e-07
4.919999999999993e-15 -1.2615781900310452e-07
4.919999999999993e-15 -1.247776213055296e-07
4.929999999999993e-15 -1.2354108830387612e-07
4.929999999999993e-15 -1.2230455530222264e-07
4.939999999999993e-15 -1.212187122731503e-07
4.939999999999993e-15 -1.2013286924407795e-07
4.9499999999999925e-15 -1.1920436641334156e-07
4.9499999999999925e-15 -1.1827586358260517e-07
4.959999999999992e-15 -1.1751094383373005e-07
4.959999999999992e-15 -1.1674602408485494e-07
4.969999999999992e-15 -1.1615049182078054e-07
4.969999999999992e-15 -1.1555495955670613e-07
4.979999999999992e-15 -1.1513415088022251e-07
4.979999999999992e-15 -1.1471334220373889e-07
